accession	category	organism	description
WP_490674411.1	Hfq	Staphylococcus sp. CoH_129_LAB_1	RNA chaperone Hfq
WP_490663219.1	Hfq	Staphylococcus equorum	RNA chaperone Hfq
WP_490627060.1	Hfq	Rhodoferax sp. SPJ4	RNA chaperone Hfq
WP_490580416.1	Hfq	Pseudoalteromonas sp. J2K-J031	RNA chaperone Hfq
WP_490504945.1	Hfq	Ignatzschineria sp. 22MB058224	RNA chaperone Hfq
WP_490479944.1	Hfq	Dyella sp. SYSU CM1112	RNA chaperone Hfq
WP_490376079.1	Hfq	Psychromonas sp.	RNA chaperone Hfq
WP_119614606.1	Hfq	Staphylococcus sp. AS1337	RNA chaperone Hfq
WP_086481701.1	Hfq	Oceanospirillum	MULTISPECIES: RNA chaperone Hfq
WP_490371214.1	Hfq	Alcanivorax sp.	RNA chaperone Hfq
WP_489833465.1	Hfq	Listeria monocytogenes	RNA chaperone Hfq
WP_489794761.1	Hfq	Bacillus cereus	RNA chaperone Hfq
WP_489609707.1	Hfq	Aeromonas enteropelogenes	RNA chaperone Hfq
WP_438616890.1	Hfq	Pampinifervens florentissimum	RNA chaperone Hfq
WP_061237443.1	Hfq	Pseudomonadaceae	MULTISPECIES: RNA chaperone Hfq
WP_054141683.1	Hfq	unclassified Allobosea	MULTISPECIES: RNA chaperone Hfq
WP_011275895.1	Hfq	Staphylococcus	MULTISPECIES: RNA chaperone Hfq
WP_143997766.1	Hfq	Lysinibacillus fusiformis	RNA chaperone Hfq
WP_490310689.1	Hfq	Pseudoalteromonas sp. J2K-J979	RNA chaperone Hfq
WP_490238672.1	Hfq	Pseudothermotoga sp.	RNA chaperone Hfq
WP_490198023.1	Hfq	Bacillus sp. SRL337	RNA chaperone Hfq
WP_454465455.1	Hfq	Aliikangiella aequoris	RNA chaperone Hfq
WP_281645804.1	Hfq	unclassified Parendozoicomonas	MULTISPECIES: RNA chaperone Hfq
WP_214729075.1	Hfq	Bacillaceae	MULTISPECIES: RNA chaperone Hfq
WP_490140849.1	Hfq	Sporacetigenium sp. TC11	RNA chaperone Hfq
WP_490126544.1	Hfq	Providencia sp. 6390	RNA chaperone Hfq
WP_490070440.1	Hfq	Komagataeibacter intermedius	RNA chaperone Hfq
WP_379210080.1	Hfq	unclassified Paenibacillus	MULTISPECIES: RNA chaperone Hfq
WP_379197056.1	Hfq	unclassified Paenibacillus	MULTISPECIES: RNA chaperone Hfq
WP_490040448.1	Hfq	Litoreibacter sp.	RNA chaperone Hfq
WP_490033013.1	Hfq	Colwellia sp.	RNA chaperone Hfq
WP_489961888.1	Hfq	Pseudoflavonifractor sp. HNCC25GI2	RNA chaperone Hfq
WP_489945361.1	Hfq	Photobacterium halotolerans	RNA chaperone Hfq
WP_489804279.1	Hfq	unclassified Aristophania	MULTISPECIES: RNA chaperone Hfq
WP_095109354.1	Hfq	Pseudomonas	MULTISPECIES: RNA chaperone Hfq
WP_489827564.1	Hfq	Legionella pneumophila	RNA chaperone Hfq
WP_489823438.1	Hfq	Gluconobacter sp. ESL1110	RNA chaperone Hfq
WP_489748416.1	Hfq	Sporosarcina sp. So3-204	RNA chaperone Hfq
WP_489732230.1	Hfq	Paraglaciecola sp. IT1134	RNA chaperone Hfq
WP_443481614.1	Hfq	Niallia	MULTISPECIES: RNA chaperone Hfq
WP_009453400.1	Hfq	Leptothrix	MULTISPECIES: RNA chaperone Hfq
WP_489645164.1	Hfq	Sodalis ligni	RNA chaperone Hfq
WP_489607686.1	Hfq	Aggregatibacter sp. HerlE20	RNA chaperone Hfq
WP_070183887.1	Hfq	Bacillus cereus group	MULTISPECIES: RNA chaperone Hfq
WP_489466832.1	Hfq	Rhizobacter sp.	RNA chaperone Hfq
WP_489442942.1	Hfq	Viridibacillus arvi	RNA chaperone Hfq
WP_489423083.1	Hfq	Virgibacillus carmonensis	RNA chaperone Hfq
WP_489331433.1	Hfq	Pantoea allii	RNA chaperone Hfq
WP_489303377.1	Hfq	Stenotrophomonas sp. GL_111	RNA chaperone Hfq
WP_489242162.1	Hfq	Macrococcus sp. GL_134	RNA chaperone Hfq
WP_489212495.1	Hfq	Acidisoma sibiricum	RNA chaperone Hfq
WP_489152509.1	Hfq	Lysinibacillus sp. RU7	RNA chaperone Hfq
WP_488886172.1	Hfq	Bacillus toyonensis	RNA chaperone Hfq
WP_456164917.1	Hfq	Leptothrix mechoopdaensis	RNA chaperone Hfq
WP_374056717.1	Hfq	Rossellomorea	MULTISPECIES: RNA chaperone Hfq
WP_243169446.1	Hfq	Bacillus	MULTISPECIES: RNA chaperone Hfq
WP_065486652.1	Hfq	Bacillus	MULTISPECIES: RNA chaperone Hfq
WP_045240544.1	Hfq	Cupriavidus sp. F041	RNA chaperone Hfq
WP_009442889.1	Hfq	Selenomonadaceae	MULTISPECIES: RNA chaperone Hfq
WP_489132144.1	Hfq	Centipeda sp. (in: firmicutes)	RNA chaperone Hfq
WP_489123877.1	Hfq	Centipeda sp. (in: firmicutes)	RNA chaperone Hfq
WP_489003893.1	Hfq	Rhodanobacter soli	RNA chaperone Hfq
WP_488978818.1	Hfq	Paenibacillus sp. F024	RNA chaperone Hfq
WP_488900870.1	Hfq	Caulobacter sp. FG121	RNA chaperone Hfq
WP_488891282.1	Hfq	Caballeronia sp. SL1002	RNA chaperone Hfq
WP_488885866.1	Hfq	Bacillus toyonensis	RNA chaperone Hfq
WP_488846405.1	Hfq	Acinetobacter baumannii	RNA chaperone Hfq, partial
WP_488833687.1	Hfq	Cellvibrio sp. 25HG11W-0	RNA chaperone Hfq
WP_488827955.1	Hfq	Bacillus sp. FG16	RNA chaperone Hfq
WP_488811840.1	Hfq	Aquitalea sp. FG25	RNA chaperone Hfq
WP_488803858.1	Hfq	Acinetobacter baumannii	RNA chaperone Hfq
WP_454781520.1	Hfq	Legionella	MULTISPECIES: RNA chaperone Hfq
WP_292916613.1	Hfq	Nitrosomonas	MULTISPECIES: RNA chaperone Hfq
WP_128445003.1	Hfq	Neorhizobium	MULTISPECIES: RNA chaperone Hfq
WP_017227929.1	Hfq	Cupriavidus sp. 96C5-1	RNA chaperone Hfq
WP_488795101.1	Hfq	Centipeda sp. (in: firmicutes)	RNA chaperone Hfq
WP_488793280.1	Hfq	Centipeda sp. (in: firmicutes)	RNA chaperone Hfq
WP_488783763.1	Hfq	Centipeda sp. (in: firmicutes)	RNA chaperone Hfq
WP_488729542.1	Hfq	Cupriavidus sp. 96C5-1	RNA chaperone Hfq
WP_488728932.1	Hfq	Cupriavidus sp. 96C5-1	RNA chaperone Hfq
WP_488698136.1	Hfq	Cupriavidus sp. 291-E7	RNA chaperone Hfq
WP_488665467.1	Hfq	Comamonas sp. 14P8.1.4	RNA chaperone Hfq
WP_488181709.1	Hfq	Heliomicrobium sulfidophilum	RNA chaperone Hfq
WP_474650221.1	Hfq	Paenibacillus sp. sgz302114	RNA chaperone Hfq
WP_368846221.1	Hfq	Selenomonas oralis	RNA chaperone Hfq
WP_074515872.1	Hfq	Selenomonas sp. WCT3	RNA chaperone Hfq
WP_019911399.1	Hfq	unclassified Paenibacillus	MULTISPECIES: RNA chaperone Hfq
WP_019542097.1	Hfq	Dongibacter bovis	RNA chaperone Hfq
WP_009441885.1	Hfq	Selenomonadaceae	MULTISPECIES: RNA chaperone Hfq
WP_447124199.1	Hfq	unclassified Glaciimonas	MULTISPECIES: RNA chaperone Hfq
WP_128856831.1	Hfq	Bacillus sp. CDB3	RNA chaperone Hfq
WP_128855224.1	Hfq	Bacillus sp. CDB3	RNA chaperone Hfq
WP_488642977.1	Hfq	Glaciimonas sp. OK215	RNA chaperone Hfq
WP_488634323.1	Hfq	Dyella sp. OK584	RNA chaperone Hfq
WP_394187461.1	Hfq	Paenisporosarcina	MULTISPECIES: RNA chaperone Hfq
WP_377732400.1	Hfq	Paenisporosarcina	MULTISPECIES: RNA chaperone Hfq
WP_336577388.1	Hfq	Bacillus	MULTISPECIES: RNA chaperone Hfq
WP_334131639.1	Hfq	Silanimonas	MULTISPECIES: RNA chaperone Hfq
WP_075445613.1	Hfq	Pseudoselenomonas	MULTISPECIES: RNA chaperone Hfq
WP_037354417.1	Hfq	Selenomonadaceae	MULTISPECIES: RNA chaperone Hfq
WP_213360738.1	Hfq	Allobrachymonas	MULTISPECIES: RNA chaperone Hfq
WP_488385000.1	Hfq	Frateuria sp. sgz306004	RNA chaperone Hfq
WP_488282542.1	Hfq	Bacillus sp. JST-5	RNA chaperone Hfq
WP_488272026.1	Hfq	Sporomusa sp.	RNA chaperone Hfq
WP_487496315.1	Hfq	Eikenella corrodens	RNA chaperone Hfq
WP_487410737.1	Hfq	Staphylococcus hyicus	RNA chaperone Hfq
WP_487293067.1	Hfq	Burkholderia cenocepacia	RNA chaperone Hfq, partial
WP_487259358.1	Hfq	Bacillus toyonensis	RNA chaperone Hfq
WP_487193244.1	Hfq	Pseudoalteromonas tetraodonis	RNA chaperone Hfq
WP_487118486.1	Hfq	Colwellia sp. SU-HH01217	RNA chaperone Hfq
WP_487096366.1	Hfq	Colwellia sp. SU-HH00943	RNA chaperone Hfq
WP_487082200.1	Hfq	Colwellia aquaemaris	RNA chaperone Hfq
WP_487038913.1	Hfq	Staphylococcus aureus	RNA chaperone Hfq
WP_487154672.1	Hfq	Halopseudomonas sp. 4NH20-0008	RNA chaperone Hfq
WP_487075845.1	Hfq	Alteromonas sp. 5NS40-0096	RNA chaperone Hfq
WP_488172342.1	Hfq	Francisella sp. AG1	RNA chaperone Hfq
WP_488124884.1	Hfq	unclassified Lederbergia	MULTISPECIES: RNA chaperone Hfq
WP_404393334.1	Hfq	Pseudoalteromonas	MULTISPECIES: RNA chaperone Hfq
WP_297817666.1	Hfq	Paraglaciecola sp.	RNA chaperone Hfq
WP_166839038.1	Hfq	Rheinheimera	MULTISPECIES: RNA chaperone Hfq
WP_488146564.1	Hfq	Sporosarcina sp. Y1009	RNA chaperone Hfq
WP_488113981.1	Hfq	Endozoicomonas sp. Z74	RNA chaperone Hfq
WP_488082314.1	Hfq	Thalassobacter sp.	RNA chaperone Hfq, partial
WP_488032936.1	Hfq	Psychrosphaera sp.	RNA chaperone Hfq
WP_488003211.1	Hfq	Planktotalea sp.	RNA chaperone Hfq
WP_487962800.1	Hfq	Marinagarivorans sp.	RNA chaperone Hfq
WP_487953175.1	Hfq	Hyphomonas sp.	RNA chaperone Hfq
WP_368864229.1	Hfq	Staphylococcus	MULTISPECIES: RNA chaperone Hfq
WP_348779593.1	Hfq	Phyllobacteriaceae	MULTISPECIES: RNA chaperone Hfq
WP_335548922.1	Hfq	Neobacillus	MULTISPECIES: RNA chaperone Hfq
WP_334555714.1	Hfq	Vibrio	MULTISPECIES: RNA chaperone Hfq
WP_287947038.1	Hfq	Shewanella	MULTISPECIES: RNA chaperone Hfq
WP_131380545.1	Hfq	Acinetobacter brisouisimilis	RNA chaperone Hfq, partial
WP_108950774.1	Hfq	Parazoarcus	MULTISPECIES: RNA chaperone Hfq
WP_055464247.1	Hfq	Marinomonas	MULTISPECIES: RNA chaperone Hfq
WP_487710369.1	Hfq	Phascolarctobacterium succinatutens	RNA chaperone Hfq, partial
WP_487631065.1	Hfq	Luteimonas sp. Soil_N_1	RNA chaperone Hfq
WP_487548726.1	Hfq	Dethiosulfatibacter sp.	RNA chaperone Hfq
WP_487506810.1	Hfq	Candidatus Thiopontia autotrophica	RNA chaperone Hfq
WP_487426701.1	Hfq	Acidaminococcus sp.	RNA chaperone Hfq
WP_487395032.1	Hfq	Roseomonas sp. SRI_022	RNA chaperone Hfq
WP_487315469.1	Hfq	Gallaecimonas sp. RL-SH01	RNA chaperone Hfq
WP_487306118.1	Hfq	Caballeronia sp. A2-2	RNA chaperone Hfq
WP_487305282.1	Hfq	Caballeronia sp. A2-2	RNA chaperone Hfq
WP_486927431.1	Hfq	Bacillus mycoides	RNA chaperone Hfq
WP_486909575.1	Hfq	Bacillus mycoides	RNA chaperone Hfq
WP_485946938.1	Hfq	Kingella oralis	RNA chaperone Hfq
WP_307271497.1	Hfq	Labrys	MULTISPECIES: RNA chaperone Hfq
WP_014464241.1	Hfq	Alicyclobacillus	MULTISPECIES: RNA chaperone Hfq
WP_225676061.1	Hfq	Thalassolituus	MULTISPECIES: RNA chaperone Hfq
WP_483165449.1	Hfq	unclassified Acidithiobacillus	MULTISPECIES: RNA chaperone Hfq
WP_340954384.1	Hfq	Bacillus	MULTISPECIES: RNA chaperone Hfq
WP_340829178.1	Hfq	Bacillus	MULTISPECIES: RNA chaperone Hfq
WP_340828798.1	Hfq	Bacillus	MULTISPECIES: RNA chaperone Hfq
WP_072191040.1	Hfq	Bacillus thuringiensis	RNA chaperone Hfq
WP_486978498.1	Hfq	Vescimonas sp.	RNA chaperone Hfq
WP_486948255.1	Hfq	Paenalcaligenes sp. DL 309	RNA chaperone Hfq
WP_486881171.1	Hfq	Acidithiobacillus sp. TH-A117	RNA chaperone Hfq
WP_325443306.1	Hfq	Pusillimonas sp.	RNA chaperone Hfq
WP_281092828.1	Hfq	Fusibacter	MULTISPECIES: RNA chaperone Hfq
WP_053100337.1	Hfq	Thiopseudomonas	MULTISPECIES: RNA chaperone Hfq
WP_486866463.1	Hfq	Parasutterella excrementihominis	RNA chaperone Hfq
WP_486801395.1	Hfq	Sulfuriflexus sp.	RNA chaperone Hfq
WP_486672593.1	Hfq	Sedimentibacter sp.	RNA chaperone Hfq
WP_484467703.1	Hfq	Bacillus cereus	RNA chaperone Hfq
WP_484467104.1	Hfq	Bacillus cereus	RNA chaperone Hfq
WP_483825941.1	Hfq	Pasteurella multocida	RNA chaperone Hfq
WP_483498833.1	Hfq	Bacillus cereus	RNA chaperone Hfq
WP_483498828.1	Hfq	Bacillus cereus	RNA chaperone Hfq
WP_486466597.1	Hfq	Pseudooceanicola sp. NS-SX9	RNA chaperone Hfq
WP_483812591.1	Hfq	Mammaliicoccus sciuri	RNA chaperone Hfq
WP_483661909.1	Hfq	Shigella sonnei	RNA chaperone Hfq, partial
WP_483473270.1	Hfq	Qipengyuania flava	RNA chaperone Hfq, partial
WP_305903468.1	Hfq	Hahella	MULTISPECIES: RNA chaperone Hfq
WP_031568600.1	Hfq	Rheinheimera	MULTISPECIES: RNA chaperone Hfq
WP_486318069.1	Hfq	Aliivibrio friggae	RNA chaperone Hfq
WP_485404243.1	Hfq	Pampinifervens	MULTISPECIES: RNA chaperone Hfq
WP_314619875.1	Hfq	Selenomonas sp.	RNA chaperone Hfq
WP_314271880.1	Hfq	Kingella sp. (in: b-proteobacteria)	RNA chaperone Hfq
WP_298664908.1	Hfq	Haemophilus sp.	RNA chaperone Hfq
WP_226550334.1	Hfq	Caryophanales	MULTISPECIES: RNA chaperone Hfq
WP_100536448.1	Hfq	Caryophanales	MULTISPECIES: RNA chaperone Hfq
WP_054937653.1	Hfq	Neomoorella	MULTISPECIES: RNA chaperone Hfq
WP_034795158.1	Hfq	Enterobacterales	MULTISPECIES: RNA chaperone Hfq
WP_021170641.1	Hfq	Sporomusa	MULTISPECIES: RNA chaperone Hfq
WP_486044724.1	Hfq	Thiomicrorhabdus sp.	RNA chaperone Hfq
WP_486029757.1	Hfq	Virgibacillus oceani	RNA chaperone Hfq
WP_486008653.1	Hfq	Ottowia sp.	RNA chaperone Hfq
WP_485982871.1	Hfq	Cardiobacterium sp.	RNA chaperone Hfq
WP_485929066.1	Hfq	Kingella sp. (in: b-proteobacteria)	RNA chaperone Hfq
WP_485918590.1	Hfq	Kingella denitrificans	RNA chaperone Hfq
WP_485668899.1	Hfq	Sporomusa sp. 246TCP1	RNA chaperone Hfq
WP_485656885.1	Hfq	Selenomonas sp.	RNA chaperone Hfq
WP_485652686.1	Hfq	Proteus mirabilis	RNA chaperone Hfq
WP_375597400.1	Hfq	Devosia	MULTISPECIES: RNA chaperone Hfq
WP_286692004.1	Hfq	Brevundimonas	MULTISPECIES: RNA chaperone Hfq
WP_435667512.1	Hfq	unclassified Maritalea	MULTISPECIES: RNA chaperone Hfq
WP_318404667.1	Hfq	Polaromonas	MULTISPECIES: RNA chaperone Hfq
WP_484745417.1	Hfq	Roseomonas sp. TF40	RNA chaperone Hfq
WP_484697792.1	Hfq	Paenibacillus sp. plas6	RNA chaperone Hfq
WP_484640043.1	Hfq	Aquabacterium sp. T101	RNA chaperone Hfq
WP_484632308.1	Hfq	Hydrogenophaga sp. T66	RNA chaperone Hfq
WP_484619985.1	Hfq	Ferrimonas sp. YIN67	RNA chaperone Hfq
WP_379967464.1	Hfq	Ectobacillus	MULTISPECIES: RNA chaperone Hfq
WP_484438779.1	Hfq	Vescimonas sp.	RNA chaperone Hfq
WP_484428410.1	Hfq	Vescimonas sp.	RNA chaperone Hfq
WP_484422245.1	Hfq	Vescimonas sp.	RNA chaperone Hfq
WP_484392961.1	Hfq	Succiniclasticum sp.	RNA chaperone Hfq
WP_484353357.1	Hfq	Sneathiella sp.	RNA chaperone Hfq
WP_484299978.1	Hfq	Romboutsia sp.	RNA chaperone Hfq
WP_484272484.1	Hfq	Quisquiliibacterium sp.	RNA chaperone Hfq
WP_484230096.1	Hfq	Perlucidibaca sp.	RNA chaperone Hfq
WP_484189755.1	Hfq	Motiliproteus sp.	RNA chaperone Hfq
WP_484142205.1	Hfq	Magnetovibrio sp.	RNA chaperone Hfq
WP_484129588.1	Hfq	Hydrogenovibrio sp.	RNA chaperone Hfq
WP_483908561.1	Hfq	Alcanivorax sp.	RNA chaperone Hfq
WP_483875583.1	Hfq	Pelovirga sp. C15f	RNA chaperone Hfq
WP_483772248.1	Hfq	Bacillus thuringiensis	RNA chaperone Hfq
WP_483372115.1	Hfq	Staphylococcus saprophyticus	RNA chaperone Hfq
WP_483291255.1	Hfq	Abyssisolibacter sp. ZYX002	RNA chaperone Hfq
WP_483267178.1	Hfq	Vescimonas sp.	RNA chaperone Hfq
WP_136829438.1	Hfq	Robertmurraya kyonggiensis	RNA chaperone Hfq
WP_483714782.1	Hfq	Cupriavidus sp. C3SS-1	RNA chaperone Hfq
WP_473034231.1	Hfq	Halomonadaceae	MULTISPECIES: RNA chaperone Hfq
WP_235199312.1	Hfq	unclassified Planococcus (in: firmicutes)	MULTISPECIES: RNA chaperone Hfq
WP_090695847.1	Hfq	Bacillus	MULTISPECIES: RNA chaperone Hfq
WP_014168311.1	Hfq	Enterobacteriaceae	MULTISPECIES: RNA chaperone Hfq
WP_005030511.1	Hfq	Acinetobacter	MULTISPECIES: RNA chaperone Hfq
WP_483479589.1	Hfq	Caballeronia sp. 11_S32	RNA chaperone Hfq
WP_483119855.1	Hfq	Mycetohabitans rhizoxinica	RNA chaperone Hfq
WP_482575343.1	Hfq	Rhodoferax sp.	RNA chaperone Hfq
XP_084882595.1	Lsm (eukaryote)	Anopheles oryzalimnetes	U6 snRNA-associated Sm-like protein LSm1
XP_084803526.1	Lsm (eukaryote)	Perissodus microlepis	U6 snRNA-associated Sm-like protein LSm1
XP_084735890.1	Lsm (eukaryote)	Pipistrellus hanaki	U6 snRNA-associated Sm-like protein LSm1
XP_084471059.1	Lsm (eukaryote)	Lepidochelys olivacea	U6 snRNA-associated Sm-like protein LSm1 isoform 1
XP_084355704.1	Lsm (eukaryote)	Aythya ferina	U6 snRNA-associated Sm-like protein LSm1 isoform 2
XP_084453573.1	Lsm (eukaryote)	Amblyomma maculatum	U6 snRNA-associated Sm-like protein LSm1
XP_083942976.1	Lsm (eukaryote)	Abramis brama	U6 snRNA-associated Sm-like protein LSm1
XP_084296013.1	Lsm (eukaryote)	Borostomias antarcticus	U6 snRNA-associated Sm-like protein LSm1 isoform 2
XP_083411281.1	Lsm (eukaryote)	Silurus aristotelis	U6 snRNA-associated Sm-like protein LSm1, partial
XP_060660698.1	Lsm (eukaryote)	Drosophila nasuta	U6 snRNA-associated Sm-like protein LSm1
XP_040473843.1	Lsm (eukaryote)	Falco naumanni	U6 snRNA-associated Sm-like protein LSm1 isoform X2
XP_011154393.1	Lsm (eukaryote)	Harpegnathos saltator	U6 snRNA-associated Sm-like protein LSm1
XP_017759081.1	Lsm (eukaryote)	Eufriesea mexicana	U6 snRNA-associated Sm-like protein LSm1
XP_017468569.1	Lsm (eukaryote)	Rhagoletis zephyria	U6 snRNA-associated Sm-like protein LSm1 isoform X2
XP_018392397.1	Lsm (eukaryote)	Cyphomyrmex costatus	U6 snRNA-associated Sm-like protein LSm1
XP_082990519.1	Lsm (eukaryote)	Lepisma saccharinum	U6 snRNA-associated Sm-like protein LSm1 isoform X1
XP_055151974.1	Lsm (eukaryote)	Symphalangus syndactylus	U6 snRNA-associated Sm-like protein LSm1 isoform X1
XP_076259462.1	Lsm (eukaryote)	Rhynchophorus ferrugineus	U6 snRNA-associated Sm-like protein LSm1
XP_072384264.1	Lsm (eukaryote)	Diabrotica undecimpunctata	U6 snRNA-associated Sm-like protein LSm1
XP_073955013.1	Lsm (eukaryote)	Choristoneura fumiferana	U6 snRNA-associated Sm-like protein LSm1
XP_046385602.1	Lsm (eukaryote)	Ischnura elegans	U6 snRNA-associated Sm-like protein LSm1
XP_011494491.1	Lsm (eukaryote)	Ceratosolen solmsi marchali	U6 snRNA-associated Sm-like protein LSm1
XP_081893672.1	Lsm (eukaryote)	Branta canadensis	U6 snRNA-associated Sm-like protein LSm1 isoform 2
XP_081830065.1	Lsm (eukaryote)	Ips typographus	U6 snRNA-associated Sm-like protein LSm1
XP_049687253.1	Lsm (eukaryote)	Astur gentilis	U6 snRNA-associated Sm-like protein LSm1 isoform X2
XP_081623091.1	Lsm (eukaryote)	Thermobia domestica	U6 snRNA-associated Sm-like protein LSm1 isoform X2
XP_038677143.1	Lsm (eukaryote)	Scyliorhinus canicula	U6 snRNA-associated Sm-like protein LSm1 isoform X2
XP_011339008.1	Lsm (eukaryote)	Ooceraea biroi	U6 snRNA-associated Sm-like protein LSm1 isoform X1
XP_080132102.1	Lsm (eukaryote)	Coenobita brevimanus	U6 snRNA-associated Sm-like protein LSm1
XP_037032284.1	Lsm (eukaryote)	Bradysia coprophila	U6 snRNA-associated Sm-like protein LSm1
XP_080014701.1	Lsm (eukaryote)	Acartia tonsa	U6 snRNA-associated Sm-like protein LSm1
XP_030055489.1	Lsm (eukaryote)	Microcaecilia unicolor	U6 snRNA-associated Sm-like protein LSm1 isoform X2
XP_078717400.1	Lsm (eukaryote)	Lampetra fluviatilis	U6 snRNA-associated Sm-like protein LSm1
XP_067962570.1	Lsm (eukaryote)	Myxine glutinosa	U6 snRNA-associated Sm-like protein LSm1
XP_078420889.1	Lsm (eukaryote)	Cetorhinus maximus	U6 snRNA-associated Sm-like protein LSm1 isoform X2
XP_072835091.2	Lsm (eukaryote)	Pogona vitticeps	U6 snRNA-associated Sm-like protein LSm1 isoform X2
XP_078285102.1	Lsm (eukaryote)	Rhinoraja longicauda	U6 snRNA-associated Sm-like protein LSm1
XP_077378220.1	Lsm (eukaryote)	Festucalex cinctus	U6 snRNA-associated Sm-like protein LSm1 isoform X3
XP_077378219.1	Lsm (eukaryote)	Festucalex cinctus	U6 snRNA-associated Sm-like protein LSm1 isoform X2
XP_077295181.1	Lsm (eukaryote)	Arctopsyche grandis	U6 snRNA-associated Sm-like protein LSm1
XP_020436932.1	Lsm (eukaryote)	Heterostelium album PN500	U6 snRNA-associated Sm-like protein LSm1
XP_076708602.1	Lsm (eukaryote)	Callospermophilus lateralis	U6 snRNA-associated Sm-like protein LSm1 isoform X4
XP_076708601.1	Lsm (eukaryote)	Callospermophilus lateralis	U6 snRNA-associated Sm-like protein LSm1 isoform X3
XP_076708600.1	Lsm (eukaryote)	Callospermophilus lateralis	U6 snRNA-associated Sm-like protein LSm1 isoform X2
XP_076750989.1	Lsm (eukaryote)	Xylocopa sonorina	U6 snRNA-associated Sm-like protein LSm1
XP_076486227.1	Lsm (eukaryote)	Sporobolomyces salmoneus	Lsm1p
XP_076345586.1	Lsm (eukaryote)	Tachypleus tridentatus	U6 snRNA-associated Sm-like protein LSm1 isoform X1
XP_076177859.1	Lsm (eukaryote)	Ptiloglossa arizonensis	U6 snRNA-associated Sm-like protein LSm1 isoform X2
XP_027198363.1	Lsm (eukaryote)	Dermatophagoides pteronyssinus	U6 snRNA-associated Sm-like protein LSm1
XP_075223620.1	Lsm (eukaryote)	Lycorma delicatula	U6 snRNA-associated Sm-like protein LSm1
XP_020072979.1	Lsm (eukaryote)	Williopsis jadinii	Lsm1p CYBJADRAFT_133787, partial
XP_020048211.1	Lsm (eukaryote)	Ascoidea rubescens DSM 1968	Lsm1p, partial
XP_074593398.1	Lsm (eukaryote)	Brevipalpus obovatus	U6 snRNA-associated Sm-like protein LSm1
XP_023013300.2	Lsm (eukaryote)	Leptinotarsa decemlineata	U6 snRNA-associated Sm-like protein LSm1
XP_073997419.1	Lsm (eukaryote)	Rhodnius prolixus	U6 snRNA-associated Sm-like protein LSm1
XP_073478466.1	Lsm (eukaryote)	Aquarana catesbeiana	U6 snRNA-associated Sm-like protein LSm1 isoform X2
XP_072341586.1	Lsm (eukaryote)	Scyliorhinus torazame	U6 snRNA-associated Sm-like protein LSm1 isoform X1
XP_040574214.1	Lsm (eukaryote)	Lepeophtheirus salmonis	U6 snRNA-associated Sm-like protein LSm1
XP_065169692.1	Lsm (eukaryote)	Dalotia coriaria	U6 snRNA-associated Sm-like protein LSm1
XP_084611220.1	Lsm (eukaryote)	Acomys minous	U6 snRNA-associated Sm-like protein LSm2 isoform 2
XP_083825115.1	Lsm (eukaryote)	Clangula hyemalis	U6 snRNA-associated Sm-like protein LSm2 isoform 1
XP_040434138.1	Lsm (eukaryote)	Falco naumanni	U6 snRNA-associated Sm-like protein LSm2 isoform X2
XP_017714979.1	Lsm (eukaryote)	Rhinopithecus bieti	U6 snRNA-associated Sm-like protein LSm2 isoform X1
XP_063489303.1	Lsm (eukaryote)	Symphalangus syndactylus	U6 snRNA-associated Sm-like protein LSm2 isoform X4
XP_063489302.1	Lsm (eukaryote)	Symphalangus syndactylus	U6 snRNA-associated Sm-like protein LSm2 isoform X3
NP_001191203.1	Lsm (eukaryote)	Mus musculus	U6 snRNA-associated Sm-like protein LSm2 isoform 4
XP_033773002.1	Lsm (eukaryote)	Geotrypetes seraphini	U6 snRNA-associated Sm-like protein LSm2 isoform X1
XP_079790809.1	Lsm (eukaryote)	Stenella coeruleoalba	U6 snRNA-associated Sm-like protein LSm2 isoform 1
XP_067990261.1	Lsm (eukaryote)	Myxine glutinosa	U6 snRNA-associated Sm-like protein LSm2 isoform X2
NP_009527.1	Lsm (eukaryote)	Saccharomyces cerevisiae S288C	Sm-like protein LSM2
XP_078181554.1	Sm-core (eukaryote)	Carex rostrata	small nuclear ribonucleoprotein family protein
XP_002152305.2	Lsm (eukaryote)	Talaromyces marneffei ATCC 18224	Sm-like protein LSM2
XP_075859600.1	Lsm (eukaryote)	Microcebus murinus	U6 snRNA-associated Sm-like protein LSm2 isoform X3
XP_075859598.1	Lsm (eukaryote)	Microcebus murinus	U6 snRNA-associated Sm-like protein LSm2 isoform X1
XP_077317726.1	Lsm (eukaryote)	Lithobates pipiens	U6 snRNA-associated Sm-like protein LSm2 isoform X1
XP_020436781.1	Lsm (eukaryote)	Heterostelium album PN500	U6 snRNA-associated Sm-like protein LSm2
XP_076540492.1	Lsm (eukaryote)	Blastobotrys vanleenenianus	Sm-like protein LSM2
XP_076512699.1	Lsm (eukaryote)	Rhodotorula pacifica	Sm-like protein LSM2
XP_076485578.1	Lsm (eukaryote)	Sporobolomyces salmoneus	Sm-like protein LSM2
XP_076494410.1	Lsm (eukaryote)	Mrakia frigida	Sm-like protein LSM2
XP_076414352.1	Lsm (eukaryote)	Peromyscus maniculatus bairdii	U6 snRNA-associated Sm-like protein LSm2 isoform X2
XP_075909205.1	Lsm (eukaryote)	Petromyzon marinus	U6 snRNA-associated Sm-like protein LSm2 isoform X1
XP_070910347.1	Lsm (eukaryote)	Nakaseomyces bracarensis	Sm-like protein LSM2
XP_064854563.1	Lsm (eukaryote)	Saccharomycopsis crataegensis	Sm-like protein LSM2
XP_045935751.1	Lsm (eukaryote)	Saccharomycodes ludwigii	Sm-like protein LSM2 SCDLUD_001600
XP_022674623.1	Lsm (eukaryote)	Kluyveromyces marxianus DMKU3-1042	Sm-like protein LSM2
XP_022629302.1	Lsm (eukaryote)	Lachancea lanzarotensis	Sm-like protein LSM2 LALA0_S07e01970g
XP_020045022.1	Lsm (eukaryote)	Ascoidea rubescens DSM 1968	Sm-like protein LSM2
XP_003684872.1	Lsm (eukaryote)	Tetrapisispora phaffii CBS 4417	Sm-like protein LSM2 TPHA_0C02850
XP_003647423.1	Lsm (eukaryote)	Eremothecium cymbalariae DBVPG#7215	Sm-like protein LSM2 Ecym_6224
XP_032655171.2	Lsm (eukaryote)	Chelonoidis abingdonii	LOW QUALITY PROTEIN: U6 snRNA-associated Sm-like protein LSm2
XP_074826649.1	Lsm (eukaryote)	Natator depressus	U6 snRNA-associated Sm-like protein LSm2 isoform X1
XP_074385863.1	Lsm (eukaryote)	Zonotrichia albicollis	U6 snRNA-associated Sm-like protein LSm2 isoform X3
XP_074385861.1	Lsm (eukaryote)	Zonotrichia albicollis	U6 snRNA-associated Sm-like protein LSm2 isoform X1
XP_070913164.1	Lsm (eukaryote)	Madurella fahalii	U6 snRNA-associated Sm-like protein LSm2
XP_069225510.1	Lsm (eukaryote)	Cladosporium halotolerans	U6 snRNA-associated Sm-like protein LSm2
XP_069209442.1	Lsm (eukaryote)	Vanrija albida	U6 snRNA-associated Sm-like protein LSm2
XP_003065796.2	Lsm (eukaryote)	Coccidioides posadasii str. Silveira	U6 snRNA-associated Sm-like protein LSm2
XP_049988343.1	Lsm (eukaryote)	Alexandromys fortis	U6 snRNA-associated Sm-like protein LSm2 isoform X2
NP_588459.1	Sm-core (eukaryote)	Schizosaccharomyces pombe	U6 snRNP-associated core protein
XP_066842729.1	Lsm (eukaryote)	Anser cygnoides	LOW QUALITY PROTEIN: U6 snRNA-associated Sm-like protein LSm2
XP_066628197.1	Lsm (eukaryote)	Diplodia seriata	U6 snRNA-associated Sm-like protein LSm2
XP_066215862.1	Lsm (eukaryote)	Saccopteryx leptura	U6 snRNA-associated Sm-like protein LSm2 isoform X1
XP_031888603.1	Lsm (eukaryote)	Colletotrichum fructicola Nara gc5	U6 snRNA-associated Sm-like protein LSm2
XP_003839139.1	Lsm (eukaryote)	Plenodomus lingam	U6 snRNA-associated Sm-like protein LSm2
XP_064751519.1	Lsm (eukaryote)	Lithohypha guttulata	U6 snRNA-associated Sm-like protein LSm2
XP_064728694.1	Lsm (eukaryote)	Knufia obscura	U6 snRNA-associated Sm-like protein LSm2
XP_064704775.1	Lsm (eukaryote)	Exophiala bonariae	U6 snRNA-associated Sm-like protein LSm2
XP_063135576.1	Lsm (eukaryote)	Rattus norvegicus	U6 snRNA-associated Sm-like protein LSm2 isoform X1
XP_036630557.1	Lsm (eukaryote)	Pleurotus ostreatus	U6 snRNA-associated Sm-like protein LSm2
XP_024324565.1	Lsm (eukaryote)	Pseudogymnoascus destructans	U6 snRNA-associated Sm-like protein LSm2
XP_028477811.1	Lsm (eukaryote)	Apiotrichum porosum	U6 snRNA-associated Sm-like protein LSm2
XP_061161136.1	Lsm (eukaryote)	Theileria parva strain Muguga	U6 snRNA-associated Sm-like protein LSm2
XP_060455843.1	Other	Cutaneotrichosporon cavernicola	uncharacterized protein CcaverHIS019_0306480
XP_060127148.1	Lsm (eukaryote)	Zootoca vivipara	U6 snRNA-associated Sm-like protein LSm2
XP_056065783.1	Lsm (eukaryote)	Didymosphaeria variabile	U6 snRNA-associated Sm-like protein LSm2
XP_056062742.1	Lsm (eukaryote)	Malassezia vespertilionis	U6 snRNA-associated Sm-like protein LSm2
XP_053907958.1	Lsm (eukaryote)	Cuculus canorus	U6 snRNA-associated Sm-like protein LSm2
XP_052630883.1	Lsm (eukaryote)	Harpia harpyja	LOW QUALITY PROTEIN: U6 snRNA-associated Sm-like protein LSm2
XP_052019511.1	Lsm (eukaryote)	Apodemus sylvaticus	U6 snRNA-associated Sm-like protein LSm2 isoform X3
XP_052019510.1	Lsm (eukaryote)	Apodemus sylvaticus	U6 snRNA-associated Sm-like protein LSm2 isoform X2
XP_050162226.1	Lsm (eukaryote)	Myiozetetes cayanensis	LOW QUALITY PROTEIN: U6 snRNA-associated Sm-like protein LSm2
XP_015342805.2	Lsm (eukaryote)	Marmota marmota marmota	U6 snRNA-associated Sm-like protein LSm2
XP_048317347.1	Lsm (eukaryote)	Myodes glareolus	LOW QUALITY PROTEIN: U6 snRNA-associated Sm-like protein LSm2
XP_045429122.1	Lsm (eukaryote)	Pipistrellus kuhlii	U6 snRNA-associated Sm-like protein LSm2
XP_044686624.1	Lsm (eukaryote)	Fusarium musae	U6 snRNA-associated Sm-like protein LSm2
XP_044710910.1	Lsm (eukaryote)	Fusarium poae	U6 snRNA-associated Sm-like protein LSm2
XP_043938082.1	Lsm (eukaryote)	Protopterus annectens	U6 snRNA-associated Sm-like protein LSm2
XP_043353082.1	Lsm (eukaryote)	Dermochelys coriacea	U6 snRNA-associated Sm-like protein LSm2 isoform X2
XP_042311441.1	Lsm (eukaryote)	Sceloporus undulatus	U6 snRNA-associated Sm-like protein LSm2
XP_042006300.1	Sm-core (eukaryote)	Salvia splendens	small nuclear ribonucleoprotein family protein isoform X1
XP_084434327.1	Lsm (eukaryote)	Amblyomma maculatum	U6 snRNA-associated Sm-like protein LSm3
XP_060645442.1	Lsm (eukaryote)	Drosophila nasuta	U6 snRNA-associated Sm-like protein LSm3
XP_011139679.1	Lsm (eukaryote)	Harpegnathos saltator	U6 snRNA-associated Sm-like protein LSm3
XP_016796020.1	Lsm (eukaryote)	Pan troglodytes	U6 snRNA-associated Sm-like protein LSm3 isoform X2
XP_018402559.1	Lsm (eukaryote)	Cyphomyrmex costatus	U6 snRNA-associated Sm-like protein LSm3
XP_083046572.1	Other	Amphichorda felina	uncharacterized protein ACO1O0_007736
XP_063458788.1	Lsm (eukaryote)	Pan paniscus	U6 snRNA-associated Sm-like protein LSm3 isoform X2
XP_034811763.2	Lsm (eukaryote)	Pan paniscus	U6 snRNA-associated Sm-like protein LSm3 isoform X3
XP_063486770.1	Lsm (eukaryote)	Symphalangus syndactylus	U6 snRNA-associated Sm-like protein LSm3 isoform X5
XP_076275652.1	Lsm (eukaryote)	Rhynchophorus ferrugineus	U6 snRNA-associated Sm-like protein LSm3 isoform X1
XP_032892844.1	Lsm (eukaryote)	Amblyraja radiata	U6 snRNA-associated Sm-like protein LSm3
XP_011568719.2	Lsm (eukaryote)	Plutella xylostella	U6 snRNA-associated Sm-like protein LSm3
XP_003743325.1	Lsm (eukaryote)	Galendromus occidentalis	U6 snRNA-associated Sm-like protein LSm3
XP_082493648.1	Lsm (eukaryote)	Mesoplodon mirus	U6 snRNA-associated Sm-like protein LSm3 isoform 1
XP_082390573.1	Lsm (eukaryote)	Aulonocara stuartgranti	U6 snRNA-associated Sm-like protein LSm3 isoform 1
XP_081678902.1	Lsm (eukaryote)	Leptonychotes weddellii	U6 snRNA-associated Sm-like protein LSm3 isoform X1
XP_081603761.1	Lsm (eukaryote)	Thermobia domestica	U6 snRNA-associated Sm-like protein LSm3
XP_011331746.1	Lsm (eukaryote)	Ooceraea biroi	U6 snRNA-associated Sm-like protein LSm3
XP_080018127.1	Lsm (eukaryote)	Acartia tonsa	U6 snRNA-associated Sm-like protein LSm3
XP_078731042.1	Lsm (eukaryote)	Lampetra fluviatilis	U6 snRNA-associated Sm-like protein LSm3
XP_002146668.1	Lsm (eukaryote)	Talaromyces marneffei ATCC 18224	U4/U6-U5 snRNP complex subunit LSM3
XP_077290707.1	Lsm (eukaryote)	Arctopsyche grandis	U6 snRNA-associated Sm-like protein LSm3 isoform X2
XP_020426864.1	Lsm (eukaryote)	Heterostelium album PN500	U6 snRNA-associated Sm-like protein LSm3
XP_045942555.1	Lsm (eukaryote)	Aspergillus melleus	U4/U6-U5 snRNP complex subunit LSM3
XP_041543353.1	Lsm (eukaryote)	Aspergillus luchuensis	U4/U6-U5 snRNP complex subunit LSM3
XP_076543509.1	Lsm (eukaryote)	Blastobotrys vanleenenianus	U4/U6-U5 snRNP complex subunit LSM3
XP_076489008.1	Lsm (eukaryote)	Sporobolomyces salmoneus	U4/U6-U5 snRNP complex subunit LSM3
XP_076313623.1	Lsm (eukaryote)	Tachypleus tridentatus	U6 snRNA-associated Sm-like protein LSm3 isoform X2
XP_076313622.1	Lsm (eukaryote)	Tachypleus tridentatus	U6 snRNA-associated Sm-like protein LSm3 isoform X1
XP_027204893.1	Lsm (eukaryote)	Dermatophagoides pteronyssinus	U6 snRNA-associated Sm-like protein LSm3
XP_075233436.1	Lsm (eukaryote)	Lycorma delicatula	U6 snRNA-associated Sm-like protein LSm3
XP_070908510.1	Lsm (eukaryote)	Nakaseomyces bracarensis	U4/U6-U5 snRNP complex subunit LSM3
XP_064853392.1	Lsm (eukaryote)	Saccharomycopsis crataegensis	U4/U6-U5 snRNP complex subunit LSM3
XP_064714053.1	Lsm (eukaryote)	Arxiozyma heterogenica	U4/U6-U5 snRNP complex subunit LSM3 PWA37_002688
XP_045933942.1	Lsm (eukaryote)	Saccharomycodes ludwigii	U4/U6-U5 snRNP complex subunit LSM3 SCDLUD_004326
XP_041408365.1	Lsm (eukaryote)	Maudiozyma barnettii	U4/U6-U5 snRNP complex subunit LSM3
XP_037144834.1	Lsm (eukaryote)	Zygotorulaspora mrakii	U4/U6-U5 snRNP complex subunit LSM3 HG535_0E01910
XP_022676645.1	Lsm (eukaryote)	Kluyveromyces marxianus DMKU3-1042	U4/U6-U5 snRNP complex subunit LSM3
XP_022627897.1	Lsm (eukaryote)	Lachancea lanzarotensis	U4/U6-U5 snRNP complex subunit LSM3 LALA0_S03e07998g
XP_022463312.1	Lsm (eukaryote)	Huiozyma naganishii CBS 8797	U4/U6-U5 snRNP complex subunit LSM3 KNAG_0B06380
XP_020071930.1	Lsm (eukaryote)	Williopsis jadinii	U4/U6-U5 snRNP complex subunit LSM3
XP_020048198.1	Lsm (eukaryote)	Ascoidea rubescens DSM 1968	U4/U6-U5 snRNP complex subunit LSM3
XP_018220821.1	Lsm (eukaryote)	Saccharomyces eubayanus	U4/U6-U5 snRNP complex subunit LSM3
XP_017989063.1	Lsm (eukaryote)	Eremothecium sinecaudum	U4/U6-U5 snRNP complex subunit LSM3
XP_011271782.1	Lsm (eukaryote)	Hansenula ciferrii	U4/U6-U5 snRNP complex subunit LSM3 BN7_5961
XP_004181034.1	Lsm (eukaryote)	Henningerozyma blattae CBS 6284	U4/U6-U5 snRNP complex subunit LSM3 TBLA_0E04630
XP_003957700.1	Lsm (eukaryote)	Kazachstania africana CBS 2517	U4/U6-U5 snRNP complex subunit LSM3 KAFR_0E04140
XP_003680894.1	Lsm (eukaryote)	Torulaspora delbrueckii	U4/U6-U5 snRNP complex subunit LSM3 TDEL_0D00990
XP_003684159.1	Lsm (eukaryote)	Tetrapisispora phaffii CBS 4417	U4/U6-U5 snRNP complex subunit LSM3 TPHA_0B00530
XP_003672406.1	Lsm (eukaryote)	Naumovozyma dairenensis CBS 421	U4/U6-U5 snRNP complex subunit LSM3 NDAI_0J02710
XP_003644229.1	Lsm (eukaryote)	Eremothecium cymbalariae DBVPG#7215	U4/U6-U5 snRNP complex subunit LSM3 Ecym_1162
XP_002553407.1	Lsm (eukaryote)	Lachancea thermotolerans CBS 6340	U4/U6-U5 snRNP complex subunit LSM3
XP_002495553.1	Lsm (eukaryote)	Zygosaccharomyces rouxii	U4/U6-U5 snRNP complex subunit LSM3
XP_001643962.1	Lsm (eukaryote)	Vanderwaltozyma polyspora DSM 70294	U4/U6-U5 snRNP complex subunit LSM3 Kpol_1001p16
XP_451766.1	Lsm (eukaryote)	Kluyveromyces lactis	U4/U6-U5 snRNP complex subunit LSM3
NP_984984.1	Lsm (eukaryote)	Eremothecium gossypii ATCC 10895	U4/U6-U5 snRNP complex subunit LSM3
XP_019716000.1	Lsm (eukaryote)	Hippocampus comes	U6 snRNA-associated Sm-like protein LSm3 isoform X1
XP_032370018.1	Lsm (eukaryote)	Etheostoma spectabile	U6 snRNA-associated Sm-like protein LSm3
XP_074602580.1	Lsm (eukaryote)	Brevipalpus obovatus	U6 snRNA-associated Sm-like protein LSm3
XP_008319052.3	Lsm (eukaryote)	Cynoglossus semilaevis	U6 snRNA-associated Sm-like protein LSm3
XP_008290393.1	Lsm (eukaryote)	Stegastes partitus	U6 snRNA-associated Sm-like protein LSm3
XP_010768660.1	Lsm (eukaryote)	Notothenia coriiceps	U6 snRNA-associated Sm-like protein LSm3
XP_073757816.1	Lsm (eukaryote)	Callorhinus ursinus	U6 snRNA-associated Sm-like protein LSm3 isoform X1
XP_073431108.1	Lsm (eukaryote)	Dendrobates tinctorius	U6 snRNA-associated Sm-like protein LSm3 isoform X2
XP_018898611.1	Lsm (eukaryote)	Bemisia tabaci	U6 snRNA-associated Sm-like protein LSm3
XP_040579389.1	Lsm (eukaryote)	Lepeophtheirus salmonis	U6 snRNA-associated Sm-like protein LSm3
XP_071549588.1	Lsm (eukaryote)	Panulirus ornatus	U6 snRNA-associated Sm-like protein LSm3
XP_071444489.1	Lsm (eukaryote)	Hetaerina americana	U6 snRNA-associated Sm-like protein LSm3
XP_070922606.1	Lsm (eukaryote)	Madurella fahalii	U4/U6-U5 snRNP complex subunit lsm3
XP_065155179.1	Lsm (eukaryote)	Dalotia coriaria	U6 snRNA-associated Sm-like protein LSm3
XP_070751036.1	Lsm (eukaryote)	Pristiophorus japonicus	U6 snRNA-associated Sm-like protein LSm3 isoform X1
XP_070498522.1	Lsm (eukaryote)	Chironomus tepperi	uncharacterized protein LSm3
XP_083667373.1	Lsm (eukaryote)	Anser anser	U6 snRNA-associated Sm-like protein LSm4 isoform 2
XP_084027624.1	Lsm (eukaryote)	Coregonus lavaretus	U6 snRNA-associated Sm-like protein LSm4
XP_032902986.1	Lsm (eukaryote)	Amblyraja radiata	U6 snRNA-associated Sm-like protein LSm4
XP_049663441.1	Lsm (eukaryote)	Astur gentilis	U6 snRNA-associated Sm-like protein LSm4 isoform X1
XP_043047325.1	Lsm (eukaryote)	Lizanozyma spartinae	U6 snRNA complex subunit
XP_079452888.1	Lsm (eukaryote)	Phoxinus phoxinus	U6 snRNA-associated Sm-like protein LSm4 isoform 2
XP_079065477.1	Lsm (eukaryote)	Caprimulgus europaeus	U6 snRNA-associated Sm-like protein LSm4 isoform 2
XP_078971569.1	Lsm (eukaryote)	Sciurus vulgaris	U6 snRNA-associated Sm-like protein LSm4 isoform 3
XP_078741977.1	Lsm (eukaryote)	Lampetra fluviatilis	U6 snRNA-associated Sm-like protein LSm4
XP_067953229.1	Lsm (eukaryote)	Myxine glutinosa	U6 snRNA-associated Sm-like protein LSm4
XP_078016338.1	Lsm (eukaryote)	Talaromyces marneffei ATCC 18224	U6 snRNA-associated Sm-like protein LSm4
XP_040040226.1	Lsm (eukaryote)	Gasterosteus aculeatus	U6 snRNA-associated Sm-like protein LSm4
XP_075857656.1	Lsm (eukaryote)	Microcebus murinus	U6 snRNA-associated Sm-like protein LSm4 isoform X2
XP_045940059.1	Lsm (eukaryote)	Aspergillus melleus	U6 snRNA-associated Sm-like protein LSm4
XP_041540100.1	Lsm (eukaryote)	Aspergillus luchuensis	U6 snRNA-associated Sm-like protein LSm4
XP_043136867.1	Lsm (eukaryote)	Aspergillus chevalieri	U6 snRNA-associated Sm-like protein LSm4
XP_076542521.1	Lsm (eukaryote)	Blastobotrys vanleenenianus	U6 snRNA-associated Sm-like protein LSm4
XP_076489979.1	Lsm (eukaryote)	Sporobolomyces salmoneus	U6 snRNA complex subunit LSM4
XP_076215542.1	Lsm (eukaryote)	Aptenodytes patagonicus	U6 snRNA-associated Sm-like protein LSm4 isoform X1
XP_075632765.1	Lsm (eukaryote)	Balearica regulorum gibbericeps	U6 snRNA-associated Sm-like protein LSm4 isoform X2
XP_029939879.1	Lsm (eukaryote)	Salarias fasciatus	U6 snRNA-associated Sm-like protein LSm4
XP_075193938.1	Lsm (eukaryote)	Anomaloglossus baeobatrachus	U6 snRNA-associated Sm-like protein LSm4
XP_020073182.1	Lsm (eukaryote)	Williopsis jadinii	U6 snRNA complex subunit LSM4 CYBJADRAFT_165474
XP_074834320.1	Lsm (eukaryote)	Carettochelys insculpta	U6 snRNA-associated Sm-like protein LSm4 isoform X2
XP_063557175.1	Lsm (eukaryote)	Gorilla gorilla gorilla	U6 snRNA-associated Sm-like protein LSm4 isoform X2
XP_072261250.1	Lsm (eukaryote)	Pyxicephalus adspersus	U6 snRNA-associated Sm-like protein LSm4
XP_072213407.1	Lsm (eukaryote)	Excalfactoria chinensis	U6 snRNA-associated Sm-like protein LSm4 isoform X1
XP_071885308.1	Lsm (eukaryote)	Anas platyrhynchos	U6 snRNA-associated Sm-like protein LSm4 isoform X2
XP_071457178.1	Lsm (eukaryote)	Marmota flaviventris	U6 snRNA-associated Sm-like protein LSm4 isoform X3
XP_071457168.1	Lsm (eukaryote)	Marmota flaviventris	U6 snRNA-associated Sm-like protein LSm4 isoform X2
XP_005673330.1	Lsm (eukaryote)	Sus scrofa	U6 snRNA-associated Sm-like protein LSm5 isoform X2
XP_084714056.1	Lsm (eukaryote)	Heloderma suspectum	U6 snRNA-associated Sm-like protein LSm5 isoform X1
XP_084136462.1	Lsm (eukaryote)	Gallinula chloropus	U6 snRNA-associated Sm-like protein LSm5 isoform 1
XP_083045997.1	Lsm (eukaryote)	Amphichorda felina	U6 snRNA-associated Sm-like protein LSm5
XP_068858298.1	Lsm (eukaryote)	Aphelocoma coerulescens	U6 snRNA-associated Sm-like protein LSm5 isoform X2
XP_038665743.1	Lsm (eukaryote)	Scyliorhinus canicula	U6 snRNA-associated Sm-like protein LSm5 isoform X3
XP_080831457.1	Lsm (eukaryote)	Podarcis pityusensis	U6 snRNA-associated Sm-like protein LSm5 isoform 2
XP_081143830.1	Lsm (eukaryote)	Spermophilus citellus	U6 snRNA-associated Sm-like protein LSm5 isoform 1
XP_080195193.1	Lsm (eukaryote)	Nesoenas mayeri	U6 snRNA-associated Sm-like protein LSm5 isoform 2
XP_080195192.1	Lsm (eukaryote)	Nesoenas mayeri	U6 snRNA-associated Sm-like protein LSm5 isoform 1
XP_065958263.1	Other	Clavispora lusitaniae	RNA-binding protein
XP_043048068.1	Other	Lizanozyma spartinae	RNA-binding protein
XP_079116239.1	Lsm (eukaryote)	Telmatherina bonti	U6 snRNA-associated Sm-like protein LSm5 isoform 2
XP_079116238.1	Lsm (eukaryote)	Telmatherina bonti	U6 snRNA-associated Sm-like protein LSm5 isoform 1
XP_020568450.1	Lsm (eukaryote)	Oryzias latipes	U6 snRNA-associated Sm-like protein LSm5 isoform X2
XP_067982491.1	Lsm (eukaryote)	Myxine glutinosa	U6 snRNA-associated Sm-like protein LSm5 isoform X1
XP_078541996.1	Lsm (eukaryote)	Lissotriton helveticus	U6 snRNA-associated Sm-like protein LSm5
XP_078396205.1	Lsm (eukaryote)	Cetorhinus maximus	U6 snRNA-associated Sm-like protein LSm5 isoform X2
XP_078396204.1	Lsm (eukaryote)	Cetorhinus maximus	U6 snRNA-associated Sm-like protein LSm5 isoform X1
XP_009000253.1	Lsm (eukaryote)	Callithrix jacchus	U6 snRNA-associated Sm-like protein LSm5 isoform X3
XP_009000252.1	Lsm (eukaryote)	Callithrix jacchus	U6 snRNA-associated Sm-like protein LSm5 isoform X2
XP_039718621.1	Lsm (eukaryote)	Pteropus medius	U6 snRNA-associated Sm-like protein LSm5
XP_002146365.1	Lsm (eukaryote)	Talaromyces marneffei ATCC 18224	RNA-binding protein LSM5
XP_077896005.1	Lsm (eukaryote)	Ictidomys tridecemlineatus	U6 snRNA-associated Sm-like protein LSm5 isoform X2
XP_077479881.1	Lsm (eukaryote)	Stigmatopora argus	U6 snRNA-associated Sm-like protein LSm5 isoform X1
XP_020434347.1	Lsm (eukaryote)	Heterostelium album PN500	U6 snRNA-associated Sm-like protein LSm5
XP_077159492.1	Lsm (eukaryote)	Paroedura picta	U6 snRNA-associated Sm-like protein LSm5
XP_041556807.1	Lsm (eukaryote)	Aspergillus puulaauensis	RNA-binding protein LSM5
XP_076540521.1	Lsm (eukaryote)	Blastobotrys vanleenenianus	RNA-binding protein LSM5
XP_076508052.1	Lsm (eukaryote)	Rhodotorula paludigena	RNA-binding protein LSM5
XP_076497130.1	Lsm (eukaryote)	Mrakia frigida	RNA-binding protein LSM5
XP_070911003.1	Lsm (eukaryote)	Nakaseomyces bracarensis	RNA-binding protein LSM5
XP_064853221.1	Lsm (eukaryote)	Saccharomycopsis crataegensis	RNA-binding protein LSM5
XP_064714462.1	Lsm (eukaryote)	Arxiozyma heterogenica	RNA-binding protein LSM5 PWA37_002030
XP_045935771.1	Lsm (eukaryote)	Saccharomycodes ludwigii	RNA-binding protein LSM5 SCDLUD_001621
XP_041407369.1	Lsm (eukaryote)	Maudiozyma barnettii	RNA-binding protein LSM5
XP_037142833.1	Lsm (eukaryote)	Zygotorulaspora mrakii	RNA-binding protein LSM5 HG535_0B01430
XP_037139368.1	Lsm (eukaryote)	Torulaspora globosa	RNA-binding protein LSM5 HG536_0D02160
XP_022674366.1	Lsm (eukaryote)	Kluyveromyces marxianus DMKU3-1042	RNA-binding protein LSM5
XP_022629285.1	Lsm (eukaryote)	Lachancea lanzarotensis	RNA-binding protein LSM5 LALA0_S07e01596g
XP_022465465.1	Lsm (eukaryote)	Huiozyma naganishii CBS 8797	RNA-binding protein LSM5 KNAG_0G01610
XP_020049914.1	Lsm (eukaryote)	Ascoidea rubescens DSM 1968	RNA-binding protein LSM5
XP_018222812.1	Lsm (eukaryote)	Saccharomyces eubayanus	RNA-binding protein LSM5
XP_017989211.1	Lsm (eukaryote)	Eremothecium sinecaudum	RNA-binding protein LSM5
XP_004178168.1	Lsm (eukaryote)	Henningerozyma blattae CBS 6284	RNA-binding protein LSM5 TBLA_0A08590
XP_003955664.1	Lsm (eukaryote)	Kazachstania africana CBS 2517	RNA-binding protein LSM5 KAFR_0B02310
XP_003679758.1	Lsm (eukaryote)	Torulaspora delbrueckii	RNA-binding protein LSM5 TDEL_0B04180
XP_003685501.1	Lsm (eukaryote)	Tetrapisispora phaffii CBS 4417	RNA-binding protein LSM5 TPHA_0D04330
XP_003673335.1	Lsm (eukaryote)	Naumovozyma castellii	RNA-binding protein LSM5 NCAS_0A03890
XP_003670396.1	Lsm (eukaryote)	Naumovozyma dairenensis CBS 421	RNA-binding protein LSM5 NDAI_0E03360
XP_003647111.1	Lsm (eukaryote)	Eremothecium cymbalariae DBVPG#7215	RNA-binding protein LSM5 Ecym_5554
XP_002498619.1	Lsm (eukaryote)	Zygosaccharomyces rouxii	RNA-binding protein LSM5
XP_001644631.1	Lsm (eukaryote)	Vanderwaltozyma polyspora DSM 70294	RNA-binding protein LSM5 Kpol_526p26
XP_454410.1	Lsm (eukaryote)	Kluyveromyces lactis	RNA-binding protein LSM5
XP_447542.1	Lsm (eukaryote)	Nakaseomyces glabratus	RNA-binding protein LSM5 GVI51_I06545
NP_986796.1	Lsm (eukaryote)	Eremothecium gossypii ATCC 10895	RNA-binding protein LSM5
XP_029935285.1	Lsm (eukaryote)	Myripristis murdjan	U6 snRNA-associated Sm-like protein LSm5
XP_074388931.1	Lsm (eukaryote)	Zonotrichia albicollis	U6 snRNA-associated Sm-like protein LSm5 isoform X1
XP_008303652.1	Lsm (eukaryote)	Stegastes partitus	U6 snRNA-associated Sm-like protein LSm5
XP_039318027.1	Lsm (eukaryote)	Saimiri boliviensis	U6 snRNA-associated Sm-like protein LSm5 isoform X2
XP_073891362.1	Lsm (eukaryote)	Macaca fascicularis	U6 snRNA-associated Sm-like protein LSm5 isoform X2
XP_045243574.2	Lsm (eukaryote)	Macaca fascicularis	U6 snRNA-associated Sm-like protein LSm5 isoform X1
XP_073722843.1	Lsm (eukaryote)	Misgurnus anguillicaudatus	U6 snRNA-associated Sm-like protein LSm5 isoform X2
XP_055032422.1	Lsm (eukaryote)	Misgurnus anguillicaudatus	U6 snRNA-associated Sm-like protein LSm5 isoform X1
XP_073534386.1	Lsm (eukaryote)	Phyllobates terribilis	U6 snRNA-associated Sm-like protein LSm5 isoform X1
XP_073406039.1	Lsm (eukaryote)	Dendrobates tinctorius	U6 snRNA-associated Sm-like protein LSm5 isoform X1
XP_072009344.1	Lsm (eukaryote)	Engystomops pustulosus	U6 snRNA-associated Sm-like protein LSm5
XP_071437335.1	Lsm (eukaryote)	Pithys albifrons albifrons	U6 snRNA-associated Sm-like protein LSm5 isoform X1
XP_070225608.1	Lsm (eukaryote)	Bos mutus	U6 snRNA-associated Sm-like protein LSm5 isoform X2
XP_069205335.1	Lsm (eukaryote)	Vanrija albida	RNA-binding protein lsm5
XP_069231350.1	Lsm (eukaryote)	Cladosporium halotolerans	U6 snRNA-associated Sm-like protein LSm5
XP_084828875.1	Lsm (eukaryote)	Sus scrofa	U6 snRNA-associated Sm-like protein LSm6 isoform X1
XP_083861881.1	Lsm (eukaryote)	Eutrigla gurnardus	U6 snRNA-associated Sm-like protein LSm6
XP_083054488.1	Lsm (eukaryote)	Amphichorda felina	U4/U6-U5 snRNP complex subunit LSM6
XP_063520229.1	Lsm (eukaryote)	Pongo pygmaeus	U6 snRNA-associated Sm-like protein LSm6 isoform X1
XP_038647867.1	Lsm (eukaryote)	Scyliorhinus canicula	U6 snRNA-associated Sm-like protein LSm6 isoform X1
XP_020062328.1	Sm-core (eukaryote)	Suhomyces tanzawaensis NRRL Y-17324	U4/U6-U5 snRNP complex subunit
XP_081217017.1	Lsm (eukaryote)	Scardinius erythrophthalmus	U6 snRNA-associated Sm-like protein LSm6 isoform 1
XP_080653003.1	Lsm (eukaryote)	Martes martes	U6 snRNA-associated Sm-like protein LSm6 isoform 1
XP_066827985.1	Sm-core (eukaryote)	Lodderomyces beijingensis	U4/U6-U5 snRNP complex subunit
XP_065958226.1	Sm-core (eukaryote)	Clavispora lusitaniae	U4/U6-U5 snRNP complex subunit
XP_064759621.1	Sm-core (eukaryote)	Scheffersomyces coipomensis	U4/U6-U5 snRNP complex subunit
XP_064775503.1	Sm-core (eukaryote)	Scheffersomyces xylosifermentans	U4/U6-U5 snRNP complex subunit
XP_064736194.1	Sm-core (eukaryote)	Scheffersomyces amazonensis	U4/U6-U5 snRNP complex subunit
XP_062876145.1	Sm-core (eukaryote)	Australozyma saopauloensis	U4/U6-U5 snRNP complex subunit
XP_062808082.1	Sm-core (eukaryote)	Priceomyces carsonii	U4/U6-U5 snRNP complex subunit
XP_001527522.2	Sm-core (eukaryote)	Lodderomyces elongisporus	U4/U6-U5 snRNP complex subunit
XP_051674014.1	Sm-core (eukaryote)	Lodderomyces margitis	U4/U6-U5 snRNP complex subunit
XP_051614606.1	Sm-core (eukaryote)	Lodderomyces pseudojiufengensis	U4/U6-U5 snRNP complex subunit
XP_049262279.1	Sm-core (eukaryote)	Hemisphaericaspora subhashii	U4/U6-U5 snRNP complex subunit
XP_036664671.1	Sm-core (eukaryote)	Lodderomyces parapsilosis	U4/U6-U5 snRNP complex subunit
XP_034013019.1	Sm-core (eukaryote)	Diutina rugosa	U4/U6-U5 snRNP complex subunit
XP_020077639.1	Sm-core (eukaryote)	Hyphopichia burtonii NRRL Y-1933	U4/U6-U5 snRNP complex subunit
XP_018984280.1	Sm-core (eukaryote)	Babjeviella inositovora NRRL Y-12698	U4/U6-U5 snRNP complex subunit
XP_018711838.1	Sm-core (eukaryote)	Metschnikowia bicuspidata var. bicuspidata NRRL YB-4993	U4/U6-U5 snRNP complex subunit
XP_015464667.1	Sm-core (eukaryote)	Debaryomyces fabryi	U4/U6-U5 snRNP complex subunit
XP_007374174.1	Sm-core (eukaryote)	Spathaspora passalidarum NRRL Y-27907	U4/U6-U5 snRNP complex subunit
XP_002546274.1	Sm-core (eukaryote)	Candida tropicalis MYA-3404	U4/U6-U5 snRNP complex subunit
XP_002421630.1	Sm-core (eukaryote)	Candida dubliniensis CD36	U4/U6-U5 snRNP complex subunit
XP_033796039.1	Lsm (eukaryote)	Geotrypetes seraphini	U6 snRNA-associated Sm-like protein LSm6 isoform X1
XP_079391075.1	Lsm (eukaryote)	Tetrao urogallus	LOW QUALITY PROTEIN: U6 snRNA-associated Sm-like protein LSm6
XP_073197388.1	Lsm (eukaryote)	Lepidochelys kempii	U6 snRNA-associated Sm-like protein LSm6 isoform X1
NP_010666.2	Lsm (eukaryote)	Saccharomyces cerevisiae S288C	U4/U6-U5 snRNP complex subunit LSM6
XP_028889922.1	Lsm (eukaryote)	Candidozyma auris	U4/U6-U5 snRNP complex subunit LSM6
XP_077576008.1	Lsm (eukaryote)	Stigmatopora nigra	U6 snRNA-associated Sm-like protein LSm6 isoform X2
XP_077576007.1	Lsm (eukaryote)	Stigmatopora nigra	U6 snRNA-associated Sm-like protein LSm6 isoform X1
XP_045938304.1	Lsm (eukaryote)	Aspergillus melleus	U4/U6-U5 snRNP complex subunit LSM6
XP_041556939.1	Lsm (eukaryote)	Aspergillus puulaauensis	U4/U6-U5 snRNP complex subunit LSM6
XP_043133490.1	Lsm (eukaryote)	Aspergillus chevalieri	U4/U6-U5 snRNP complex subunit LSM6
XP_076540982.1	Lsm (eukaryote)	Blastobotrys vanleenenianus	U4/U6-U5 snRNP complex subunit LSM6
XP_075786102.1	Lsm (eukaryote)	Pelodiscus sinensis	U6 snRNA-associated Sm-like protein LSm6 isoform X1
XP_075470138.1	Lsm (eukaryote)	Ascaphus truei	U6 snRNA-associated Sm-like protein LSm6 isoform X1
XP_070908451.1	Lsm (eukaryote)	Nakaseomyces bracarensis	U4/U6-U5 snRNP complex subunit LSM6
XP_064850595.1	Lsm (eukaryote)	Saccharomycopsis crataegensis	U4/U6-U5 snRNP complex subunit LSM6
XP_064714833.1	Lsm (eukaryote)	Arxiozyma heterogenica	U4/U6-U5 snRNP complex subunit LSM6 PWA37_001501
XP_045934194.1	Lsm (eukaryote)	Saccharomycodes ludwigii	U4/U6-U5 snRNP complex subunit LSM6 SCDLUD_003233
XP_041405591.1	Lsm (eukaryote)	Maudiozyma barnettii	U4/U6-U5 snRNP complex subunit LSM6
XP_037143809.1	Lsm (eukaryote)	Zygotorulaspora mrakii	U4/U6-U5 snRNP complex subunit LSM6 HG535_0C04350
XP_037140612.1	Lsm (eukaryote)	Torulaspora globosa	U4/U6-U5 snRNP complex subunit LSM6 HG536_0F02630
XP_022674918.1	Lsm (eukaryote)	Kluyveromyces marxianus DMKU3-1042	U4/U6-U5 snRNP complex subunit LSM6
XP_022626525.1	Lsm (eukaryote)	Lachancea lanzarotensis	U4/U6-U5 snRNP complex subunit LSM6 LALA0_S01e07096g
XP_022463829.1	Lsm (eukaryote)	Huiozyma naganishii CBS 8797	U4/U6-U5 snRNP complex subunit LSM6 KNAG_0C04820
XP_020073202.1	Lsm (eukaryote)	Williopsis jadinii	U4/U6-U5 snRNP complex subunit LSM6
XP_020048510.1	Lsm (eukaryote)	Ascoidea rubescens DSM 1968	U4/U6-U5 snRNP complex subunit LSM6 ASCRUDRAFT_32300
XP_017988252.1	Lsm (eukaryote)	Eremothecium sinecaudum	U4/U6-U5 snRNP complex subunit LSM6
XP_011275086.1	Sm-core (eukaryote)	Hansenula ciferrii	mRNA splicing protein SMX3 BN7_2589
XP_004177956.1	Lsm (eukaryote)	Henningerozyma blattae CBS 6284	U4/U6-U5 snRNP complex subunit LSM6 TBLA_0A06450
XP_003957662.1	Lsm (eukaryote)	Kazachstania africana CBS 2517	U4/U6-U5 snRNP complex subunit LSM6 KAFR_0E03760
XP_003681044.1	Lsm (eukaryote)	Torulaspora delbrueckii	U4/U6-U5 snRNP complex subunit LSM6 TDEL_0D02490
XP_003685690.1	Lsm (eukaryote)	Tetrapisispora phaffii CBS 4417	U4/U6-U5 snRNP complex subunit LSM6 TPHA_0E01630
XP_003674120.1	Lsm (eukaryote)	Naumovozyma castellii	U4/U6-U5 snRNP complex subunit LSM6 NCAS_0A11810
XP_003646479.1	Lsm (eukaryote)	Eremothecium cymbalariae DBVPG#7215	U4/U6-U5 snRNP complex subunit LSM6 Ecym_4639
XP_002999513.1	Lsm (eukaryote)	Nakaseomyces glabratus	U4/U6-U5 snRNP complex subunit LSM6 GVI51_A02871
XP_002554864.1	Lsm (eukaryote)	Lachancea thermotolerans CBS 6340	U4/U6-U5 snRNP complex subunit LSM6
XP_002498082.1	Lsm (eukaryote)	Zygosaccharomyces rouxii	U4/U6-U5 snRNP complex subunit LSM6
XP_001645165.1	Lsm (eukaryote)	Vanderwaltozyma polyspora DSM 70294	U4/U6-U5 snRNP complex subunit LSM6 Kpol_1062p15
XP_454062.1	Lsm (eukaryote)	Kluyveromyces lactis	U4/U6-U5 snRNP complex subunit LSM6
NP_983606.1	Lsm (eukaryote)	Eremothecium gossypii ATCC 10895	U4/U6-U5 snRNP complex subunit LSM6
XP_003123072.2	Lsm (eukaryote)	Sus scrofa	U6 snRNA-associated Sm-like protein LSm7
XP_084579551.1	Lsm (eukaryote)	Lutjanus erythropterus	U6 snRNA-associated Sm-like protein LSm7
XP_084354467.1	Lsm (eukaryote)	Aythya ferina	U6 snRNA-associated Sm-like protein LSm7
XP_083340396.1	Lsm (eukaryote)	Podarcis liolepis	U6 snRNA-associated Sm-like protein LSm7 isoform 1
XP_083736143.1	Lsm (eukaryote)	Zosterops lateralis	U6 snRNA-associated Sm-like protein LSm7 isoform 5
XP_037084174.1	Lsm (eukaryote)	Pollicipes pollicipes	U6 snRNA-associated Sm-like protein LSm7 isoform X1
XP_083162430.1	Lsm (eukaryote)	Anopheles minimus	U6 snRNA-associated Sm-like protein LSm7
XP_060649769.1	Lsm (eukaryote)	Drosophila nasuta	U6 snRNA-associated Sm-like protein LSm7
XP_034513319.1	Lsm (eukaryote)	Ailuropoda melanoleuca	U6 snRNA-associated Sm-like protein LSm7
NP_001134195.1	Lsm (eukaryote)	Salmo salar	LSM7 homolog, U6 small nuclear RNA associated
XP_017461601.1	Lsm (eukaryote)	Rhagoletis zephyria	U6 snRNA-associated Sm-like protein LSm7
XP_083050000.1	Lsm (eukaryote)	Amphichorda felina	Sm-like protein LSM7
XP_082968413.1	Lsm (eukaryote)	Lepisma saccharinum	U6 snRNA-associated Sm-like protein LSm7
XP_054321453.2	Lsm (eukaryote)	Pongo pygmaeus	U6 snRNA-associated Sm-like protein LSm7
XP_076274945.1	Lsm (eukaryote)	Rhynchophorus ferrugineus	U6 snRNA-associated Sm-like protein LSm7
XP_072944634.1	Lsm (eukaryote)	Epargyreus clarus	U6 snRNA-associated Sm-like protein LSm7
XP_072377595.1	Lsm (eukaryote)	Diabrotica undecimpunctata	U6 snRNA-associated Sm-like protein LSm7
XP_046392609.1	Lsm (eukaryote)	Ischnura elegans	U6 snRNA-associated Sm-like protein LSm7
XP_003745625.1	Lsm (eukaryote)	Galendromus occidentalis	U6 snRNA-associated Sm-like protein LSm7
XP_011497523.1	Lsm (eukaryote)	Ceratosolen solmsi marchali	LOW QUALITY PROTEIN: U6 snRNA-associated Sm-like protein LSm7
XP_007460498.1	Lsm (eukaryote)	Lipotes vexillifer	U6 snRNA-associated Sm-like protein LSm7
XP_039422308.1	Lsm (eukaryote)	Corvus cornix cornix	U6 snRNA-associated Sm-like protein LSm7 isoform X1
NP_001376330.1	Lsm (eukaryote)	Gallus gallus	U6 snRNA-associated Sm-like protein LSm7 isoform 2
XP_081844058.1	Lsm (eukaryote)	Ips typographus	U6 snRNA-associated Sm-like protein LSm7 isoform X1
XP_060485775.1	Lsm (eukaryote)	Panthera onca	U6 snRNA-associated Sm-like protein LSm7
XP_080570031.1	Lsm (eukaryote)	Muscardinus avellanarius	U6 snRNA-associated Sm-like protein LSm7
XP_080215398.1	Lsm (eukaryote)	Nesoenas mayeri	U6 snRNA-associated Sm-like protein LSm7 isoform 1
XP_065958273.1	Sm-core (eukaryote)	Clavispora lusitaniae	Sm-like protein
XP_060975577.1	Sm-core (eukaryote)	Lodderomyces elongisporus	Sm-like protein
XP_006685581.1	Sm-core (eukaryote)	Yamadazyma tenuis	Sm-like protein
XP_080138143.1	Lsm (eukaryote)	Coenobita brevimanus	U6 snRNA-associated Sm-like protein LSm7
XP_037052266.1	Lsm (eukaryote)	Bradysia coprophila	U6 snRNA-associated Sm-like protein LSm7
XP_029466657.1	Lsm (eukaryote)	Rhinatrema bivittatum	U6 snRNA-associated Sm-like protein LSm7 isoform X1
XP_080021329.1	Lsm (eukaryote)	Acartia tonsa	U6 snRNA-associated Sm-like protein LSm7
XP_067976212.1	Lsm (eukaryote)	Myxine glutinosa	U6 snRNA-associated Sm-like protein LSm7
XP_078473445.1	Lsm (eukaryote)	Lampetra planeri	U6 snRNA-associated Sm-like protein LSm7 isoform X1
XP_035142078.1	Lsm (eukaryote)	Callithrix jacchus	U6 snRNA-associated Sm-like protein LSm7
XP_033477132.1	Lsm (eukaryote)	Epinephelus lanceolatus	U6 snRNA-associated Sm-like protein LSm7 isoform X1
XP_002146001.1	Lsm (eukaryote)	Talaromyces marneffei ATCC 18224	U6 snRNA-associated Sm-like protein LSm7
XP_077884638.1	Lsm (eukaryote)	Ictidomys tridecemlineatus	U6 snRNA-associated Sm-like protein LSm7 isoform X3
XP_075854461.1	Lsm (eukaryote)	Microcebus murinus	U6 snRNA-associated Sm-like protein LSm7 isoform X2
XP_077295819.1	Lsm (eukaryote)	Arctopsyche grandis	U6 snRNA-associated Sm-like protein LSm7 isoform X1
XP_077267725.1	Lsm (eukaryote)	Temnothorax americanus	U6 snRNA-associated Sm-like protein LSm7
XP_020433952.1	Lsm (eukaryote)	Heterostelium album PN500	U6 snRNA-associated Sm-like protein LSm7
XP_077188467.1	Lsm (eukaryote)	Paroedura picta	U6 snRNA-associated Sm-like protein LSm7 isoform X3
XP_045947731.1	Lsm (eukaryote)	Aspergillus melleus	putative small nuclear ribonucleoprotein (LSM7)
XP_026616714.1	Lsm (eukaryote)	Aspergillus thermomutatus	putative small nuclear ribonucleoprotein (LSM7)
XP_043135103.1	Lsm (eukaryote)	Aspergillus chevalieri	putative small nuclear ribonucleoprotein (LSM7)
XP_076670810.1	Lsm (eukaryote)	Andrena cerasifolii	U6 snRNA-associated Sm-like protein LSm7
XP_076539811.1	Lsm (eukaryote)	Blastobotrys vanleenenianus	Sm-like protein LSM7
XP_076502888.1	Lsm (eukaryote)	Rhodotorula paludigena	Sm-like protein LSM7
XP_076495437.1	Lsm (eukaryote)	Mrakia frigida	Sm-like protein LSM7
XP_076328326.1	Lsm (eukaryote)	Tachypleus tridentatus	U6 snRNA-associated Sm-like protein LSm7 isoform X2
XP_076043977.1	Lsm (eukaryote)	Oratosquilla oratoria	U6 snRNA-associated Sm-like protein LSm7
XP_037271785.1	Lsm (eukaryote)	Rhipicephalus microplus	U6 snRNA-associated Sm-like protein LSm7
XP_075831533.1	Lsm (eukaryote)	Microtus pennsylvanicus	U6 snRNA-associated Sm-like protein LSm7 isoform X1
XP_075706128.1	Lsm (eukaryote)	Rhinoderma darwinii	U6 snRNA-associated Sm-like protein LSm7 isoform X1
XP_046920203.1	Lsm (eukaryote)	Dermatophagoides farinae	U6 snRNA-associated Sm-like protein LSm7
XP_075217142.1	Lsm (eukaryote)	Lycorma delicatula	U6 snRNA-associated Sm-like protein LSm7
XP_064714295.1	Lsm (eukaryote)	Arxiozyma heterogenica	Sm-like protein LSM7 PWA37_001858
XP_056079086.1	Lsm (eukaryote)	Saccharomyces mikatae IFO 1815	Sm-like protein LSM7 SMKI_14G1760
XP_056084658.1	Lsm (eukaryote)	Saccharomyces kudriavzevii IFO 1802	Sm-like protein LSM7 SKDI_14G1760
XP_045935292.1	Lsm (eukaryote)	Saccharomycodes ludwigii	Sm-like protein LSM7 SCDLUD_002851
XP_041406045.1	Lsm (eukaryote)	Maudiozyma barnettii	Sm-like protein LSM7
XP_037145908.1	Lsm (eukaryote)	Zygotorulaspora mrakii	Sm-like protein LSM7 HG535_0G00670
XP_022674245.1	Lsm (eukaryote)	Kluyveromyces marxianus DMKU3-1042	Sm-like protein LSM7
XP_022628073.1	Lsm (eukaryote)	Lachancea lanzarotensis	Sm-like protein LSM7 LALA0_S04e01926g
XP_022466022.1	Lsm (eukaryote)	Huiozyma naganishii CBS 8797	Sm-like protein LSM7 KNAG_0H03630
XP_020073272.1	Lsm (eukaryote)	Williopsis jadinii	Sm-like protein LSM7
XP_020049073.1	Lsm (eukaryote)	Ascoidea rubescens DSM 1968	Sm-like protein LSM7, partial
XP_018219735.1	Lsm (eukaryote)	Saccharomyces eubayanus	Sm-like protein LSM7
XP_017986374.1	Lsm (eukaryote)	Eremothecium sinecaudum	Sm-like protein LSM7
XP_004178471.1	Lsm (eukaryote)	Henningerozyma blattae CBS 6284	Sm-like protein LSM7 TBLA_0B01090
XP_003957793.1	Lsm (eukaryote)	Kazachstania africana CBS 2517	Sm-like protein LSM7 KAFR_0F00610
XP_003679823.1	Lsm (eukaryote)	Torulaspora delbrueckii	Sm-like protein LSM7 TDEL_0B04830
XP_003687072.1	Lsm (eukaryote)	Tetrapisispora phaffii CBS 4417	Sm-like protein LSM7 TPHA_0I01310
XP_003675166.1	Lsm (eukaryote)	Naumovozyma castellii	Sm-like protein LSM7 NCAS_0B07110
XP_003668722.1	Lsm (eukaryote)	Naumovozyma dairenensis CBS 421	Sm-like protein LSM7 NDAI_0B04440
XP_003647575.1	Lsm (eukaryote)	Eremothecium cymbalariae DBVPG#7215	Sm-like protein LSM7 Ecym_6383
NP_985600.2	Lsm (eukaryote)	Eremothecium gossypii ATCC 10895	Sm-like protein LSM7
XP_002552044.1	Lsm (eukaryote)	Lachancea thermotolerans CBS 6340	Sm-like protein LSM7
XP_002498245.1	Lsm (eukaryote)	Zygosaccharomyces rouxii	Sm-like protein LSM7
XP_001646430.1	Lsm (eukaryote)	Vanderwaltozyma polyspora DSM 70294	Sm-like protein LSM7 Kpol_1048p2
XP_454984.1	Lsm (eukaryote)	Kluyveromyces lactis	Sm-like protein LSM7
XP_447956.1	Lsm (eukaryote)	Nakaseomyces glabratus	Sm-like protein LSM7 GVI51_J05577
XP_074603316.1	Lsm (eukaryote)	Brevipalpus obovatus	U6 snRNA-associated Sm-like protein LSm7
XP_027145931.1	Lsm (eukaryote)	Larimichthys crocea	U6 snRNA-associated Sm-like protein LSm7 isoform X1
XP_020468691.1	Lsm (eukaryote)	Monopterus albus	U6 snRNA-associated Sm-like protein LSm7
XP_010964967.2	Lsm (eukaryote)	Camelus bactrianus	U6 snRNA-associated Sm-like protein LSm7
XP_073992986.1	Lsm (eukaryote)	Rhodnius prolixus	U6 snRNA-associated Sm-like protein LSm7
XP_073821815.1	Lsm (eukaryote)	Musca autumnalis	U6 snRNA-associated Sm-like protein LSm7
XP_073659615.1	Lsm (eukaryote)	Tursiops truncatus	U6 snRNA-associated Sm-like protein LSm7 isoform X1
XP_033710756.1	Lsm (eukaryote)	Tursiops truncatus	U6 snRNA-associated Sm-like protein LSm7 isoform X2
XP_073454920.1	Lsm (eukaryote)	Aquarana catesbeiana	U6 snRNA-associated Sm-like protein LSm7 isoform X1
XP_073401313.1	Lsm (eukaryote)	Dendrobates tinctorius	U6 snRNA-associated Sm-like protein LSm7 isoform X2
XP_073401303.1	Lsm (eukaryote)	Dendrobates tinctorius	U6 snRNA-associated Sm-like protein LSm7 isoform X1
XP_084186497.1	Lsm (eukaryote)	Notolepis coatsorum	LSM8 homolog, U6 small nuclear RNA associated
XP_034501531.1	Lsm (eukaryote)	Ailuropoda melanoleuca	LSM8 homolog, U6 small nuclear RNA associated, partial
XP_063671614.1	Lsm (eukaryote)	Pan troglodytes	LSM8 homolog, U6 small nuclear RNA associated isoform X3
XP_063671613.1	Lsm (eukaryote)	Pan troglodytes	LSM8 homolog, U6 small nuclear RNA associated isoform X1
XP_063523863.1	Lsm (eukaryote)	Pongo pygmaeus	LSM8 homolog, U6 small nuclear RNA associated isoform X1
XP_020233425.1	Sm-core (eukaryote)	Cajanus cajan	small nuclear ribonucleoprotein family protein
XP_010167140.2	Lsm (eukaryote)	Antrostomus carolinensis	LSM8 homolog, U6 small nuclear RNA associated
XP_082328565.1	Lsm (eukaryote)	Balaenoptera physalus	LSM8 homolog, U6 small nuclear RNA associated isoform 1
XP_081897285.1	Lsm (eukaryote)	Branta canadensis	LSM8 homolog, U6 small nuclear RNA associated isoform 3
XP_036920101.1	Lsm (eukaryote)	Sturnira hondurensis	LSM8 homolog, U6 small nuclear RNA associated isoform X2
XP_080521656.1	Lsm (eukaryote)	Plecotus auritus	LSM8 homolog, U6 small nuclear RNA associated isoform 1
XP_006687689.1	Sm-core (eukaryote)	Yamadazyma tenuis	U4/U6-U5 snRNP complex subunit
XP_029351423.1	Lsm (eukaryote)	Echeneis naucrates	LSM8 homolog, U6 small nuclear RNA associated isoform X1
XP_079161045.1	Lsm (eukaryote)	Erithacus rubecula	LSM8 homolog, U6 small nuclear RNA associated isoform 2
XP_079161044.1	Lsm (eukaryote)	Erithacus rubecula	LSM8 homolog, U6 small nuclear RNA associated isoform 1
XP_078732566.1	Lsm (eukaryote)	Lampetra fluviatilis	LSM8 homolog, U6 small nuclear RNA associated
XP_073184268.1	Lsm (eukaryote)	Lepidochelys kempii	LSM8 homolog, U6 small nuclear RNA associated isoform X2
NP_012556.2	Lsm (eukaryote)	Saccharomyces cerevisiae S288C	U4/U6-U5 snRNP complex subunit LSM8
XP_078445506.1	Sm-core (eukaryote)	Wolffia australiana	small nuclear ribonucleoprotein family protein isoform X1
XP_077851187.1	Lsm (eukaryote)	Macaca mulatta	LSM8 homolog, U6 small nuclear RNA associated isoform X1
XP_020426952.1	Lsm (eukaryote)	Heterostelium album PN500	U6 snRNA-associated Sm-like protein LSm8
XP_077035095.1	Lsm (eukaryote)	Agelaius phoeniceus	LSM8 homolog, U6 small nuclear RNA associated isoform X1
XP_076540740.1	Lsm (eukaryote)	Blastobotrys vanleenenianus	U4/U6-U5 snRNP complex subunit LSM8
XP_070907813.1	Lsm (eukaryote)	Nakaseomyces bracarensis	U4/U6-U5 snRNP complex subunit LSM8
XP_064713586.1	Lsm (eukaryote)	Arxiozyma heterogenica	U4/U6-U5 snRNP complex subunit LSM8 PWA37_003092
XP_056077552.1	Lsm (eukaryote)	Saccharomyces mikatae IFO 1815	U4/U6-U5 snRNP complex subunit LSM8 SMKI_10G2220
XP_056083126.1	Lsm (eukaryote)	Saccharomyces kudriavzevii IFO 1802	U4/U6-U5 snRNP complex subunit LSM8 SKDI_10G2300
XP_045932975.1	Lsm (eukaryote)	Saccharomycodes ludwigii	U4/U6-U5 snRNP complex subunit LSM8 SCDLUD_004464
XP_041406743.1	Lsm (eukaryote)	Maudiozyma barnettii	U4/U6-U5 snRNP complex subunit LSM8
XP_037142752.1	Lsm (eukaryote)	Zygotorulaspora mrakii	U4/U6-U5 snRNP complex subunit LSM8 HG535_0B00620
XP_037140272.1	Lsm (eukaryote)	Torulaspora globosa	U4/U6-U5 snRNP complex subunit LSM8 HG536_0E05090
XP_022677167.1	Lsm (eukaryote)	Kluyveromyces marxianus DMKU3-1042	U4/U6-U5 snRNP complex subunit LSM8
XP_022628903.1	Lsm (eukaryote)	Lachancea lanzarotensis	U4/U6-U5 snRNP complex subunit LSM8 LALA0_S06e01178g
XP_022467225.1	Lsm (eukaryote)	Huiozyma naganishii CBS 8797	U4/U6-U5 snRNP complex subunit LSM8 KNAG_0M01280
XP_018221331.1	Lsm (eukaryote)	Saccharomyces eubayanus	U4/U6-U5 snRNP complex subunit LSM8
XP_017985664.1	Lsm (eukaryote)	Eremothecium sinecaudum	U4/U6-U5 snRNP complex subunit LSM8
XP_011277661.1	Lsm (eukaryote)	Hansenula ciferrii	U4/U6-U5 snRNP complex subunit LSM8
XP_004182039.1	Lsm (eukaryote)	Henningerozyma blattae CBS 6284	U4/U6-U5 snRNP complex subunit LSM8 TBLA_0H02350
XP_003957487.1	Lsm (eukaryote)	Kazachstania africana CBS 2517	U4/U6-U5 snRNP complex subunit LSM8 KAFR_0E01990
XP_003681953.1	Lsm (eukaryote)	Torulaspora delbrueckii	U4/U6-U5 snRNP complex subunit LSM8 TDEL_0E04990
XP_003683535.1	Lsm (eukaryote)	Tetrapisispora phaffii CBS 4417	U4/U6-U5 snRNP complex subunit LSM8 TPHA_0A00160
XP_003676112.1	Lsm (eukaryote)	Naumovozyma castellii	U4/U6-U5 snRNP complex subunit LSM8 NCAS_0D01690
XP_003669211.1	Lsm (eukaryote)	Naumovozyma dairenensis CBS 421	U4/U6-U5 snRNP complex subunit LSM8 NDAI_0C03080
XP_003648025.1	Lsm (eukaryote)	Eremothecium cymbalariae DBVPG#7215	U4/U6-U5 snRNP complex subunit LSM8 Ecym_7382
XP_002551852.1	Lsm (eukaryote)	Lachancea thermotolerans CBS 6340	U4/U6-U5 snRNP complex subunit LSM8
XP_002498487.1	Lsm (eukaryote)	Zygosaccharomyces rouxii	U4/U6-U5 snRNP complex subunit LSM8
XP_001645784.1	Lsm (eukaryote)	Vanderwaltozyma polyspora DSM 70294	U4/U6-U5 snRNP complex subunit LSM8 Kpol_1010p42
XP_454691.1	Lsm (eukaryote)	Kluyveromyces lactis	U4/U6-U5 snRNP complex subunit LSM8
XP_449688.1	Lsm (eukaryote)	Nakaseomyces glabratus	U4/U6-U5 snRNP complex subunit LSM8 GVI51_M07821
NP_983279.1	Lsm (eukaryote)	Eremothecium gossypii ATCC 10895	U4/U6-U5 snRNP complex subunit LSM8
XP_075003277.1	Lsm (eukaryote)	Calonectris borealis	LSM8 homolog, U6 small nuclear RNA associated isoform X2
XP_073429458.1	Lsm (eukaryote)	Dendrobates tinctorius	LSM8 homolog, U6 small nuclear RNA associated isoform X1
XP_071589815.1	Lsm (eukaryote)	Heliangelus exortis	LSM8 homolog, U6 small nuclear RNA associated isoform X1
XP_045047544.1	Lsm (eukaryote)	Desmodus rotundus	LSM8 homolog, U6 small nuclear RNA associated isoform X1
XP_059741711.1	Lsm (eukaryote)	Bos taurus	LSM8 homolog, U6 small nuclear RNA associated isoform X2
XP_070225434.1	Lsm (eukaryote)	Bos mutus	LSM8 homolog, U6 small nuclear RNA associated isoform X5
XP_070225433.1	Lsm (eukaryote)	Bos mutus	LSM8 homolog, U6 small nuclear RNA associated isoform X4
XP_070225431.1	Lsm (eukaryote)	Bos mutus	LSM8 homolog, U6 small nuclear RNA associated isoform X2
XP_069230164.1	Lsm (eukaryote)	Cladosporium halotolerans	U6 snRNA-associated Sm-like protein LSm8
XP_069209502.1	Lsm (eukaryote)	Vanrija albida	U4/U6-U5 snRNP complex subunit LSM8
XP_067171280.1	Lsm (eukaryote)	Apteryx mantelli	LSM8 homolog, U6 small nuclear RNA associated isoform X2
NP_588509.1	Lsm (eukaryote)	Schizosaccharomyces pombe	U6 snRNP-associated protein Lsm8
XP_066632836.1	Lsm (eukaryote)	Diplodia seriata	U4/U6-U5 snRNP complex subunit LSM8
XP_065987702.1	Lsm (eukaryote)	Metarhizium brunneum	U6 snRNA-associated Sm-like protein LSm8
XP_031877811.1	Lsm (eukaryote)	Colletotrichum fructicola Nara gc5	U6 snRNA-associated Sm-like protein LSm8
XP_065516212.1	Lsm (eukaryote)	Lathamus discolor	LSM8 homolog, U6 small nuclear RNA associated
XP_064735238.1	Sm-core (eukaryote)	Knufia obscura	snRNP Sm protein
XP_064676133.1	Sm-core (eukaryote)	Mucor velutinosus	snRNP Sm protein
XP_064697830.1	Sm-core (eukaryote)	Recurvomyces mirabilis	snRNP Sm protein
XP_064657954.1	Sm-core (eukaryote)	Saxophila tyrrhenica	snRNP Sm protein
XP_064558762.1	Lsm (eukaryote)	Zonotrichia leucophrys gambelii	LSM8 homolog, U6 small nuclear RNA associated isoform X1
NP_594151.1	Sm-core (eukaryote)	Schizosaccharomyces pombe	Sm snRNP core protein Smb1
XP_065207156.1	Sm-core (eukaryote)	Planococcus citri	small nuclear ribonucleoprotein-associated protein B
XP_084444693.1	Sm-core (eukaryote)	Amblyomma maculatum	small ribonucleoprotein particle protein SmD1
XP_011147646.1	Sm-core (eukaryote)	Harpegnathos saltator	small ribonucleoprotein particle protein SmD1 isoform X1
XP_083054616.1	Sm-core (eukaryote)	Amphichorda felina	mRNA splicing protein SMD1
XP_073963814.1	Sm-core (eukaryote)	Choristoneura fumiferana	small ribonucleoprotein particle protein SmD1
XP_011555090.1	Sm-core (eukaryote)	Plutella xylostella	small ribonucleoprotein particle protein SmD1
XP_003741082.1	Sm-core (eukaryote)	Galendromus occidentalis	small ribonucleoprotein particle protein SmD1
XP_006688643.1	Sm-core (eukaryote)	Yamadazyma tenuis	mRNA splicing protein
XP_001523408.1	Sm-core (eukaryote)	Lodderomyces elongisporus	mRNA splicing protein
XP_037035169.1	Sm-core (eukaryote)	Bradysia coprophila	small ribonucleoprotein particle protein SmD1
XP_002144643.1	Sm-core (eukaryote)	Talaromyces marneffei ATCC 18224	mRNA splicing protein SMD1
NP_001278845.1	Sm-core (eukaryote)	Homo sapiens	small nuclear ribonucleoprotein Sm D1 isoform 2
NP_008869.1	Sm-core (eukaryote)	Homo sapiens	small nuclear ribonucleoprotein Sm D1 isoform 1
XP_077283178.1	Sm-core (eukaryote)	Arctopsyche grandis	small ribonucleoprotein particle protein SmD1
XP_041552720.1	Sm-core (eukaryote)	Aspergillus puulaauensis	mRNA splicing protein SMD1
XP_076541840.1	Sm-core (eukaryote)	Blastobotrys vanleenenianus	mRNA splicing protein SMD1
XP_076510586.1	Sm-core (eukaryote)	Rhodotorula pacifica	mRNA splicing protein SMD1
XP_076485523.1	Sm-core (eukaryote)	Sporobolomyces salmoneus	mRNA splicing protein SMD1
XP_076495873.1	Sm-core (eukaryote)	Mrakia frigida	mRNA splicing protein SMD1
XP_076357864.1	Sm-core (eukaryote)	Tachypleus tridentatus	small ribonucleoprotein particle protein SmD1
XP_076243859.1	Sm-core (eukaryote)	Calliopsis andreniformis	small ribonucleoprotein particle protein SmD1 isoform X2
XP_046913510.2	Sm-core (eukaryote)	Dermatophagoides farinae	small ribonucleoprotein particle protein SmD1
XP_064853503.1	Sm-core (eukaryote)	Saccharomycopsis crataegensis	mRNA splicing protein SMD1
XP_041405248.1	Sm-core (eukaryote)	Maudiozyma barnettii	mRNA splicing protein SMD1
XP_037143676.1	Sm-core (eukaryote)	Zygotorulaspora mrakii	mRNA splicing protein SMD1 HG535_0C03000
XP_037141053.1	Sm-core (eukaryote)	Torulaspora globosa	mRNA splicing protein SMD1 HG536_0G02400
XP_022674178.1	Sm-core (eukaryote)	Kluyveromyces marxianus DMKU3-1042	mRNA splicing protein SMD1
XP_022627457.1	Sm-core (eukaryote)	Lachancea lanzarotensis	mRNA splicing protein SMD1 LALA0_S02e09472g
XP_022466798.1	Sm-core (eukaryote)	Huiozyma naganishii CBS 8797	mRNA splicing protein SMD1 KNAG_0K01890
XP_020048606.1	Sm-core (eukaryote)	Ascoidea rubescens DSM 1968	mRNA splicing protein SMD1
XP_018222284.1	Sm-core (eukaryote)	Saccharomyces eubayanus	mRNA splicing protein SMD1
XP_017986070.1	Sm-core (eukaryote)	Eremothecium sinecaudum	mRNA splicing protein SMD1
XP_011273127.1	Sm-core (eukaryote)	Hansenula ciferrii	mRNA splicing protein SMD1
XP_004180910.1	Sm-core (eukaryote)	Henningerozyma blattae CBS 6284	mRNA splicing protein SMD1 TBLA_0E03370
XP_003958322.1	Sm-core (eukaryote)	Kazachstania africana CBS 2517	mRNA splicing protein SMD1 KAFR_0G01530
XP_003681280.1	Sm-core (eukaryote)	Torulaspora delbrueckii	mRNA splicing protein SMD1 TDEL_0D04850
XP_003646851.1	Sm-core (eukaryote)	Eremothecium cymbalariae DBVPG#7215	mRNA splicing protein SMD1 Ecym_5270
XP_002552587.1	Sm-core (eukaryote)	Lachancea thermotolerans CBS 6340	mRNA splicing protein SMD1
XP_002495189.1	Sm-core (eukaryote)	Zygosaccharomyces rouxii	mRNA splicing protein SMD1
NP_985062.1	Sm-core (eukaryote)	Eremothecium gossypii ATCC 10895	mRNA splicing protein SMD1
XP_074602899.1	Sm-core (eukaryote)	Brevipalpus obovatus	small ribonucleoprotein particle protein SmD1 isoform X1
XP_073973880.1	Sm-core (eukaryote)	Rhodnius prolixus	small ribonucleoprotein particle protein SmD1
XP_073848237.1	Sm-core (eukaryote)	Musca autumnalis	small ribonucleoprotein particle protein SmD1
XP_018914435.1	Sm-core (eukaryote)	Bemisia tabaci	probable small nuclear ribonucleoprotein Sm D1
XP_040572052.1	Sm-core (eukaryote)	Lepeophtheirus salmonis	probable small nuclear ribonucleoprotein Sm D1
XP_071534719.1	Sm-core (eukaryote)	Panulirus ornatus	probable small nuclear ribonucleoprotein Sm D1 isoform X2
XP_065160238.1	Sm-core (eukaryote)	Dalotia coriaria	probable small nuclear ribonucleoprotein Sm D1
XP_001353417.2	Sm-core (eukaryote)	Drosophila pseudoobscura	probable small nuclear ribonucleoprotein Sm D1
XP_070490127.1	Sm-core (eukaryote)	Chironomus tepperi	probable small nuclear ribonucleoprotein Sm D1
XP_069206086.1	Sm-core (eukaryote)	Vanrija albida	Sm snRNP core protein Smd1
XP_068214755.1	Sm-core (eukaryote)	Palaemon carinicauda	probable small nuclear ribonucleoprotein Sm D1
XP_066633024.1	Sm-core (eukaryote)	Diplodia seriata	Sm snRNP core protein Smd1
XP_023455483.1	Sm-core (eukaryote)	Cercospora beticola	mRNA splicing protein smd1
XP_065217489.1	Sm-core (eukaryote)	Planococcus citri	probable small nuclear ribonucleoprotein Sm D1
NP_001191919.1	Sm-core (eukaryote)	Acyrthosiphon pisum	small ribonucleoprotein particle protein SmD1
XP_065073391.1	Sm-core (eukaryote)	Ochlerotatus camptorhynchus	probable small nuclear ribonucleoprotein Sm D1 isoform X1
XP_064755805.1	Sm-core (eukaryote)	Lithohypha guttulata	Sm snRNP core protein Smd1
XP_064734323.1	Sm-core (eukaryote)	Knufia obscura	Sm snRNP core protein Smd1
XP_064701476.1	Sm-core (eukaryote)	Exophiala bonariae	mRNA splicing protein smd1
XP_064697082.1	Sm-core (eukaryote)	Recurvomyces mirabilis	Sm snRNP core protein Smd1
XP_064661735.1	Sm-core (eukaryote)	Saxophila tyrrhenica	Sm snRNP core protein Smd1
XP_062806250.1	Sm-core (eukaryote)	Podospora pseudoanserina	Sm snRNP core protein Smd1
XP_018734280.1	Sm-core (eukaryote)	Sugiyamaella lignohabitans	Smd1p
XP_036629739.1	Sm-core (eukaryote)	Pleurotus ostreatus	mRNA splicing protein smd1
XP_024321200.1	Sm-core (eukaryote)	Pseudogymnoascus destructans	mRNA splicing protein smd1
XP_049225504.1	Sm-core (eukaryote)	Alternaria triticimaculans	mRNA splicing protein smd1
XP_766470.1	Sm-core (eukaryote)	Theileria parva strain Muguga	Small nuclear ribonucleoprotein SmD1b
XP_060124085.1	Sm-core (eukaryote)	Malassezia japonica	Sm snRNP core protein Smd1
XP_056067733.1	Sm-core (eukaryote)	Didymosphaeria variabile	Sm snRNP core protein Smd1
XP_056038076.1	Sm-core (eukaryote)	Schizosaccharomyces osmophilus	Sm snRNP core protein Smd1
XP_056061818.1	Sm-core (eukaryote)	Malassezia vespertilionis	Sm snRNP core protein Smd1
XP_053040142.1	Sm-core (eukaryote)	Colletotrichum chrysophilum	mRNA splicing protein smd1
XP_044710908.1	Sm-core (eukaryote)	Fusarium poae	mRNA splicing protein smd1
XP_043002190.1	Sm-core (eukaryote)	Marasmius oreades	mRNA splicing protein smd1
XP_084438326.1	Sm-core (eukaryote)	Amblyomma maculatum	small ribonucleoprotein particle protein SmD2
XP_083046111.1	Sm-core (eukaryote)	Amphichorda felina	mRNA splicing protein SMD2
XP_072381113.1	Sm-core (eukaryote)	Diabrotica undecimpunctata	small ribonucleoprotein particle protein SmD2
XP_003746524.1	Sm-core (eukaryote)	Galendromus occidentalis	small ribonucleoprotein particle protein SmD2
XP_460458.1	Sm-core (eukaryote)	Debaryomyces hansenii CBS767	mRNA splicing protein
XP_067550739.1	Sm-core (eukaryote)	Lodderomyces metapsilosis	mRNA splicing protein
XP_066829480.1	Sm-core (eukaryote)	Lodderomyces beijingensis	mRNA splicing protein
XP_066014505.1	Sm-core (eukaryote)	Yamadazyma tenuis	mRNA splicing protein
XP_002615667.2	Sm-core (eukaryote)	Clavispora lusitaniae	mRNA splicing protein
XP_064772635.1	Sm-core (eukaryote)	Scheffersomyces xylosifermentans	mRNA splicing protein
XP_062879360.1	Sm-core (eukaryote)	Australozyma saopauloensis	mRNA splicing protein
XP_062811362.1	Sm-core (eukaryote)	Priceomyces carsonii	mRNA splicing protein
XP_051620431.1	Sm-core (eukaryote)	Lodderomyces jiufengensis	mRNA splicing protein
XP_049261584.1	Sm-core (eukaryote)	Hemisphaericaspora subhashii	mRNA splicing protein
XP_034010879.1	Sm-core (eukaryote)	Diutina rugosa	mRNA splicing protein
XP_025340324.1	Sm-core (eukaryote)	Candidozyma haemuli	mRNA splicing protein
XP_024715458.1	Sm-core (eukaryote)	Candidozyma pseudohaemuli	mRNA splicing protein
XP_018988410.1	Sm-core (eukaryote)	Babjeviella inositovora NRRL Y-12698	mRNA splicing protein
XP_018709334.1	Sm-core (eukaryote)	Metschnikowia bicuspidata var. bicuspidata NRRL YB-4993	mRNA splicing protein
XP_002547359.1	Sm-core (eukaryote)	Candida tropicalis MYA-3404	mRNA splicing protein
XP_001486603.1	Sm-core (eukaryote)	Meyerozyma guilliermondii ATCC 6260	mRNA splicing protein
NP_013377.1	Sm-core (eukaryote)	Saccharomyces cerevisiae S288C	mRNA splicing protein SMD2
XP_077303046.1	Sm-core (eukaryote)	Arctopsyche grandis	small ribonucleoprotein particle protein SmD2
XP_045942569.1	Sm-core (eukaryote)	Aspergillus melleus	mRNA splicing protein SMD2
XP_041553072.1	Sm-core (eukaryote)	Aspergillus puulaauensis	mRNA splicing protein SMD2
XP_076538571.1	Sm-core (eukaryote)	Blastobotrys vanleenenianus	mRNA splicing protein SMD2
XP_076514380.1	Sm-core (eukaryote)	Rhodotorula pacifica	mRNA splicing protein SMD2
XP_076486722.1	Sm-core (eukaryote)	Sporobolomyces salmoneus	mRNA splicing protein SMD2
XP_076501328.1	Sm-core (eukaryote)	Mrakia frigida	mRNA splicing protein SMD2
XP_075675663.1	Sm-core (eukaryote)	Dermatophagoides pteronyssinus	small ribonucleoprotein particle protein SmD2
XP_070910831.1	Sm-core (eukaryote)	Nakaseomyces bracarensis	mRNA splicing protein SMD2
XP_064851781.1	Sm-core (eukaryote)	Saccharomycopsis crataegensis	mRNA splicing protein SMD2
XP_064714561.1	Sm-core (eukaryote)	Arxiozyma heterogenica	mRNA splicing protein SMD2 PWA37_002136
XP_041407710.1	Sm-core (eukaryote)	Maudiozyma barnettii	mRNA splicing protein SMD2
XP_037146086.1	Sm-core (eukaryote)	Zygotorulaspora mrakii	mRNA splicing protein SMD2 HG535_0G02450
XP_037141708.1	Sm-core (eukaryote)	Torulaspora globosa	mRNA splicing protein SMD2 HG536_0H04100
XP_022675018.1	Sm-core (eukaryote)	Kluyveromyces marxianus DMKU3-1042	mRNA splicing protein SMD2
XP_022630420.1	Sm-core (eukaryote)	Lachancea lanzarotensis	mRNA splicing protein SMD2 LALA0_S10e04984g
XP_022465209.1	Sm-core (eukaryote)	Huiozyma naganishii CBS 8797	mRNA splicing protein SMD2 KNAG_0F03010
XP_020069120.1	Sm-core (eukaryote)	Williopsis jadinii	mRNA splicing protein SMD2 CYBJADRAFT_178191
XP_020046683.1	Sm-core (eukaryote)	Ascoidea rubescens DSM 1968	mRNA splicing protein SMD2
XP_017989872.1	Sm-core (eukaryote)	Eremothecium sinecaudum	mRNA splicing protein SMD2
XP_004178275.1	Sm-core (eukaryote)	Henningerozyma blattae CBS 6284	mRNA splicing protein SMD2 TBLA_0A09730
XP_003955068.1	Sm-core (eukaryote)	Kazachstania africana CBS 2517	mRNA splicing protein SMD2 KAFR_0A04970
XP_003682978.1	Sm-core (eukaryote)	Torulaspora delbrueckii	mRNA splicing protein SMD2 TDEL_0G04000
XP_003687681.1	Sm-core (eukaryote)	Tetrapisispora phaffii CBS 4417	mRNA splicing protein SMD2 TPHA_0K01130
XP_003676235.1	Sm-core (eukaryote)	Naumovozyma castellii	mRNA splicing protein SMD2 NCAS_0D02930
XP_003672009.1	Sm-core (eukaryote)	Naumovozyma dairenensis CBS 421	mRNA splicing protein SMD2 NDAI_0I01970
XP_003645439.1	Sm-core (eukaryote)	Eremothecium cymbalariae DBVPG#7215	mRNA splicing protein SMD2 Ecym_3115
XP_002555696.1	Sm-core (eukaryote)	Lachancea thermotolerans CBS 6340	mRNA splicing protein SMD2
XP_002497054.1	Sm-core (eukaryote)	Zygosaccharomyces rouxii	mRNA splicing protein SMD2
XP_001643714.1	Sm-core (eukaryote)	Vanderwaltozyma polyspora DSM 70294	mRNA splicing protein SMD2 Kpol_1009p2
NP_986943.1	Sm-core (eukaryote)	Eremothecium gossypii ATCC 10895	mRNA splicing protein SMD2
XP_074599612.1	Sm-core (eukaryote)	Brevipalpus obovatus	small ribonucleoprotein particle protein SmD2
XP_018908287.1	Sm-core (eukaryote)	Bemisia tabaci	probable small nuclear ribonucleoprotein Sm D2
XP_040575091.1	Sm-core (eukaryote)	Lepeophtheirus salmonis	small nuclear ribonucleoprotein Sm D2
XP_070921780.1	Sm-core (eukaryote)	Madurella fahalii	mRNA splicing protein
XP_065165085.1	Sm-core (eukaryote)	Dalotia coriaria	small nuclear ribonucleoprotein Sm D2
XP_070501976.1	Sm-core (eukaryote)	Chironomus tepperi	small nuclear ribonucleoprotein Sm D2
XP_069209634.1	Sm-core (eukaryote)	Vanrija albida	mRNA splicing protein
XP_045596614.1	Sm-core (eukaryote)	Procambarus clarkii	probable small nuclear ribonucleoprotein Sm D2 isoform X1
NP_594506.1	Sm-core (eukaryote)	Schizosaccharomyces pombe	Sm snRNP core protein Smd2
XP_067133695.1	Sm-core (eukaryote)	Centruroides vittatus	small nuclear ribonucleoprotein Sm D2
XP_014275538.1	Sm-core (eukaryote)	Halyomorpha halys	probable small nuclear ribonucleoprotein Sm D2 isoform X3
XP_014275537.1	Sm-core (eukaryote)	Halyomorpha halys	probable small nuclear ribonucleoprotein Sm D2 isoform X2
XP_066628462.1	Sm-core (eukaryote)	Diplodia seriata	mRNA splicing protein
XP_031891496.1	Sm-core (eukaryote)	Colletotrichum fructicola Nara gc5	Small nuclear ribonucleoprotein Sm D2
XP_023456748.1	Sm-core (eukaryote)	Cercospora beticola	mRNA splicing protein
XP_065201814.1	Sm-core (eukaryote)	Planococcus citri	probable small nuclear ribonucleoprotein Sm D2
XP_064735494.1	Sm-core (eukaryote)	Knufia obscura	mRNA splicing protein
XP_064699391.1	Sm-core (eukaryote)	Recurvomyces mirabilis	mRNA splicing protein
XP_036634881.1	Sm-core (eukaryote)	Pleurotus ostreatus	mRNA splicing protein
XP_024320953.1	Sm-core (eukaryote)	Pseudogymnoascus destructans	mRNA splicing protein
XP_049227222.1	Sm-core (eukaryote)	Alternaria triticimaculans	mRNA splicing protein
XP_056061642.1	Sm-core (eukaryote)	Malassezia vespertilionis	mRNA splicing protein
XP_049105720.1	Sm-core (eukaryote)	Ophidiomyces ophidiicola	mRNA splicing protein
XP_047842304.1	Sm-core (eukaryote)	Purpureocillium takamizusanense	mRNA splicing protein
XP_043015850.1	Sm-core (eukaryote)	Marasmius oreades	mRNA splicing protein
XP_038776415.1	Sm-core (eukaryote)	Brettanomyces nanus	mRNA splicing protein
NP_001290746.1	Sm-core (eukaryote)	Esox lucius	small nuclear ribonucleoprotein Sm D2
XP_031004553.1	Sm-core (eukaryote)	Lachnellula hyalina	Small nuclear ribonucleoprotein Sm D2
XP_084888849.1	Sm-core (eukaryote)	Anopheles oryzalimnetes	small ribonucleoprotein particle protein SmD3
XP_084454435.1	Sm-core (eukaryote)	Amblyomma maculatum	small ribonucleoprotein particle protein SmD3
XP_037093051.1	Sm-core (eukaryote)	Pollicipes pollicipes	small ribonucleoprotein particle protein SmD3
XP_083045861.1	Other	Amphichorda felina	uncharacterized protein ACO1O0_008762
XP_076256699.1	Sm-core (eukaryote)	Rhynchophorus ferrugineus	small ribonucleoprotein particle protein SmD3
XP_072382362.1	Sm-core (eukaryote)	Diabrotica undecimpunctata	small ribonucleoprotein particle protein SmD3
XP_003745624.1	Sm-core (eukaryote)	Galendromus occidentalis	small ribonucleoprotein particle protein SmD3
XP_020063926.1	Sm-core (eukaryote)	Suhomyces tanzawaensis NRRL Y-17324	mRNA splicing protein, partial
XP_067549296.1	Sm-core (eukaryote)	Lodderomyces metapsilosis	mRNA splicing protein
XP_066832570.1	Sm-core (eukaryote)	Lodderomyces beijingensis	mRNA splicing protein
XP_062876265.1	Sm-core (eukaryote)	Australozyma saopauloensis	mRNA splicing protein
XP_051622119.1	Sm-core (eukaryote)	Lodderomyces jiufengensis	mRNA splicing protein
XP_049179083.1	Sm-core (eukaryote)	Lodderomyces oxycetoniae	mRNA splicing protein
XP_049263781.1	Sm-core (eukaryote)	Hemisphaericaspora subhashii	mRNA splicing protein
XP_043048413.1	Sm-core (eukaryote)	Lizanozyma spartinae	mRNA splicing protein
XP_034013525.1	Sm-core (eukaryote)	Diutina rugosa	mRNA splicing protein
XP_025341426.1	Sm-core (eukaryote)	Candidozyma haemuli	mRNA splicing protein
XP_020078132.1	Sm-core (eukaryote)	Hyphopichia burtonii NRRL Y-1933	mRNA splicing protein
XP_018985812.1	Sm-core (eukaryote)	Babjeviella inositovora NRRL Y-12698	mRNA splicing protein
XP_006688015.1	Sm-core (eukaryote)	Yamadazyma tenuis	mRNA splicing protein
XP_002617811.1	Sm-core (eukaryote)	Clavispora lusitaniae	mRNA splicing protein
XP_002548386.1	Sm-core (eukaryote)	Candida tropicalis MYA-3404	mRNA splicing protein
XP_001483951.1	Sm-core (eukaryote)	Meyerozyma guilliermondii ATCC 6260	mRNA splicing protein
XP_080126293.1	Sm-core (eukaryote)	Coenobita brevimanus	small ribonucleoprotein particle protein SmD3 isoform X2
XP_037050319.1	Sm-core (eukaryote)	Bradysia coprophila	small ribonucleoprotein particle protein SmD3
NP_013248.1	Sm-core (eukaryote)	Saccharomyces cerevisiae S288C	mRNA splicing protein SMD3
XP_078044152.1	Sm-core (eukaryote)	Augochlora pura	small ribonucleoprotein particle protein SmD3
XP_077298865.1	Sm-core (eukaryote)	Arctopsyche grandis	small ribonucleoprotein particle protein SmD3
XP_045943677.1	Sm-core (eukaryote)	Aspergillus melleus	putative small nuclear ribonucleoprotein SmD3
XP_076539957.1	Sm-core (eukaryote)	Blastobotrys vanleenenianus	mRNA splicing protein SMD3
XP_076485420.1	Sm-core (eukaryote)	Sporobolomyces salmoneus	mRNA splicing protein SMD3
XP_046916870.1	Sm-core (eukaryote)	Dermatophagoides farinae	small ribonucleoprotein particle protein SmD3
XP_075234761.1	Sm-core (eukaryote)	Lycorma delicatula	small ribonucleoprotein particle protein SmD3
XP_070908065.1	Sm-core (eukaryote)	Nakaseomyces bracarensis	mRNA splicing protein SMD3
XP_064851558.1	Sm-core (eukaryote)	Saccharomycopsis crataegensis	mRNA splicing protein SMD3
XP_064717088.1	Sm-core (eukaryote)	Arxiozyma heterogenica	mRNA splicing protein SMD3 PWA37_004948
XP_045935945.1	Sm-core (eukaryote)	Saccharomycodes ludwigii	mRNA splicing protein SMD3 SCDLUD_001800
XP_041406649.1	Sm-core (eukaryote)	Maudiozyma barnettii	mRNA splicing protein SMD3
XP_037145616.1	Sm-core (eukaryote)	Zygotorulaspora mrakii	mRNA splicing protein SMD3 HG535_0F04020
XP_037138606.1	Sm-core (eukaryote)	Torulaspora globosa	mRNA splicing protein SMD3 HG536_0C00980
XP_022676981.1	Sm-core (eukaryote)	Kluyveromyces marxianus DMKU3-1042	mRNA splicing protein SMD3
XP_022627627.1	Sm-core (eukaryote)	Lachancea lanzarotensis	mRNA splicing protein SMD3 LALA0_S03e01860g
XP_022462216.1	Sm-core (eukaryote)	Huiozyma naganishii CBS 8797	mRNA splicing protein SMD3 KNAG_0A02810
XP_020071392.1	Sm-core (eukaryote)	Williopsis jadinii	mRNA splicing protein SMD3
XP_020050132.1	Sm-core (eukaryote)	Ascoidea rubescens DSM 1968	mRNA splicing protein SMD3
XP_017986001.1	Sm-core (eukaryote)	Eremothecium sinecaudum	mRNA splicing protein SMD3
XP_011276548.1	Sm-core (eukaryote)	Hansenula ciferrii	mRNA splicing protein SMD3
XP_004177731.1	Sm-core (eukaryote)	Henningerozyma blattae CBS 6284	mRNA splicing protein SMD3 TBLA_0A04160
XP_003671258.2	Sm-core (eukaryote)	Naumovozyma dairenensis CBS 421	mRNA splicing protein SMD3 NDAI_0G02400
XP_003958754.1	Sm-core (eukaryote)	Kazachstania africana CBS 2517	mRNA splicing protein SMD3 KAFR_0H02100
XP_003682504.1	Sm-core (eukaryote)	Torulaspora delbrueckii	mRNA splicing protein SMD3 TDEL_0F04820
XP_003684650.1	Sm-core (eukaryote)	Tetrapisispora phaffii CBS 4417	mRNA splicing protein SMD3 TPHA_0C00590
XP_003675665.1	Sm-core (eukaryote)	Naumovozyma castellii	mRNA splicing protein SMD3 NCAS_0C03090
XP_003646100.1	Sm-core (eukaryote)	Eremothecium cymbalariae DBVPG#7215	mRNA splicing protein SMD3 Ecym_4216
XP_002497818.1	Sm-core (eukaryote)	Zygosaccharomyces rouxii	mRNA splicing protein SMD3
XP_001647202.1	Sm-core (eukaryote)	Vanderwaltozyma polyspora DSM 70294	mRNA splicing protein SMD3 Kpol_1036p91
XP_449549.1	Sm-core (eukaryote)	Nakaseomyces glabratus	mRNA splicing protein SMD3 GVI51_M04565
XP_074604920.1	Sm-core (eukaryote)	Brevipalpus obovatus	small ribonucleoprotein particle protein SmD3
XP_073993579.1	Sm-core (eukaryote)	Rhodnius prolixus	small ribonucleoprotein particle protein SmD3
XP_018901653.1	Sm-core (eukaryote)	Bemisia tabaci	small nuclear ribonucleoprotein Sm D3
XP_040576905.1	Sm-core (eukaryote)	Lepeophtheirus salmonis	small nuclear ribonucleoprotein Sm D3
XP_065173139.1	Sm-core (eukaryote)	Dalotia coriaria	small nuclear ribonucleoprotein Sm D3
XP_002138132.1	Sm-core (eukaryote)	Drosophila pseudoobscura	small nuclear ribonucleoprotein Sm D3
XP_070499911.1	Sm-core (eukaryote)	Chironomus tepperi	small nuclear ribonucleoprotein Sm D3
XP_069700998.1	Sm-core (eukaryote)	Periplaneta americana	small nuclear ribonucleoprotein Sm D3
XP_069210925.1	Sm-core (eukaryote)	Vanrija albida	small nuclear ribonucleoprotein Sm D3
XP_067130254.1	Sm-core (eukaryote)	Centruroides vittatus	small nuclear ribonucleoprotein Sm D3
XP_014272505.1	Sm-core (eukaryote)	Halyomorpha halys	small nuclear ribonucleoprotein Sm D3
XP_066251496.1	Sm-core (eukaryote)	Euwallacea similis	small nuclear ribonucleoprotein Sm D3
XP_066009592.1	Sm-core (eukaryote)	Colletotrichum fructicola Nara gc5	Small nuclear ribonucleoprotein Sm D3
XP_065953172.1	Sm-core (eukaryote)	Plenodomus lingam	small nuclear ribonucleoprotein Sm D3
XP_065333667.1	Sm-core (eukaryote)	Cloeon dipterum	small nuclear ribonucleoprotein Sm D3
XP_065224434.1	Sm-core (eukaryote)	Planococcus citri	small nuclear ribonucleoprotein Sm D3
NP_001155808.1	Sm-core (eukaryote)	Acyrthosiphon pisum	small ribonucleoprotein particle protein SmD3
XP_065082451.1	Sm-core (eukaryote)	Ochlerotatus camptorhynchus	small nuclear ribonucleoprotein Sm D3
XP_064750579.1	Sm-core (eukaryote)	Lithohypha guttulata	small nuclear ribonucleoprotein Sm D3
XP_064699492.1	Sm-core (eukaryote)	Recurvomyces mirabilis	small nuclear ribonucleoprotein Sm D3
XP_053616972.1	Sm-core (eukaryote)	Plodia interpunctella	small nuclear ribonucleoprotein Sm D3
XP_036631009.1	Sm-core (eukaryote)	Pleurotus ostreatus	small nuclear ribonucleoprotein Sm D3
XP_060122069.1	Sm-core (eukaryote)	Malassezia japonica	small nuclear ribonucleoprotein Sm D3
XP_058356270.1	Sm-core (eukaryote)	Cadophora gregata	small nuclear ribonucleoprotein Sm D3
XP_056037013.1	Sm-core (eukaryote)	Schizosaccharomyces osmophilus	Sm snRNP core protein Smd3
NP_177757.1	Sm-core (eukaryote)	Arabidopsis thaliana	snRNP core protein SMD3
XP_047842098.1	Sm-core (eukaryote)	Purpureocillium takamizusanense	small nuclear ribonucleoprotein Sm D3
XP_036497345.1	Sm-core (eukaryote)	Colletotrichum siamense	Small nuclear ribonucleoprotein Sm D3
XP_041137107.1	Sm-core (eukaryote)	Brettanomyces bruxellensis	small nuclear ribonucleoprotein Sm D3
NP_001154102.1	Sm-core (eukaryote)	Oncorhynchus mykiss	small nuclear ribonucleoprotein D3 polypeptide, like
XP_084889218.1	Sm-core (eukaryote)	Anopheles oryzalimnetes	small ribonucleoprotein particle protein SmE
XP_084830115.1	Sm-core (eukaryote)	Sus scrofa	small nuclear ribonucleoprotein E isoform X1
XP_037071000.1	Sm-core (eukaryote)	Pollicipes pollicipes	small ribonucleoprotein particle protein SmE
XP_060664483.1	Sm-core (eukaryote)	Drosophila nasuta	small ribonucleoprotein particle protein SmE
XP_072947342.1	Sm-core (eukaryote)	Epargyreus clarus	small ribonucleoprotein particle protein SmE
XP_003747954.1	Sm-core (eukaryote)	Galendromus occidentalis	small ribonucleoprotein particle protein SmE
XP_080129879.1	Sm-core (eukaryote)	Coenobita brevimanus	small ribonucleoprotein particle protein SmE
XP_037041580.1	Sm-core (eukaryote)	Bradysia coprophila	small ribonucleoprotein particle protein SmE
XP_080014868.1	Sm-core (eukaryote)	Acartia tonsa	small ribonucleoprotein particle protein SmE
NP_001315567.1	Sm-core (eukaryote)	Homo sapiens	small nuclear ribonucleoprotein E isoform 4
NP_001315566.1	Sm-core (eukaryote)	Homo sapiens	small nuclear ribonucleoprotein E isoform 3
XP_077287615.1	Sm-core (eukaryote)	Arctopsyche grandis	small ribonucleoprotein particle protein SmE
XP_076062058.1	Sm-core (eukaryote)	Oratosquilla oratoria	small ribonucleoprotein particle protein SmE isoform X1
XP_037284416.1	Sm-core (eukaryote)	Rhipicephalus microplus	small ribonucleoprotein particle protein SmE
XP_075226145.1	Sm-core (eukaryote)	Lycorma delicatula	small ribonucleoprotein particle protein SmE
XP_073968423.1	Sm-core (eukaryote)	Rhodnius prolixus	small ribonucleoprotein particle protein SmE
XP_018903892.1	Sm-core (eukaryote)	Bemisia tabaci	probable small nuclear ribonucleoprotein E
XP_071449164.1	Sm-core (eukaryote)	Hetaerina americana	probable small nuclear ribonucleoprotein E
XP_067011300.1	Sm-core (eukaryote)	Anabrus simplex	probable small nuclear ribonucleoprotein E
XP_066602871.1	Sm-core (eukaryote)	Prorops nasuta	probable small nuclear ribonucleoprotein E
XP_066249892.1	Sm-core (eukaryote)	Euwallacea similis	probable small nuclear ribonucleoprotein E
XP_065225990.1	Sm-core (eukaryote)	Planococcus citri	probable small nuclear ribonucleoprotein E
NP_001156839.1	Sm-core (eukaryote)	Acyrthosiphon pisum	small ribonucleoprotein particle protein SmE
XP_062624009.1	Sm-core (eukaryote)	Vanrija pseudolonga	putative small nuclear ribonucleoprotein E
NP_001085500.1	Sm-core (eukaryote)	Xenopus laevis	small nuclear ribonucleoprotein polypeptide E S homeolog
XP_084895937.1	Sm-core (eukaryote)	Anopheles oryzalimnetes	small ribonucleoprotein particle protein SmF
XP_084460798.1	Sm-core (eukaryote)	Amblyomma maculatum	small ribonucleoprotein particle protein SmF
XP_037087192.1	Sm-core (eukaryote)	Pollicipes pollicipes	small ribonucleoprotein particle protein SmF
XP_060660883.1	Sm-core (eukaryote)	Drosophila nasuta	small ribonucleoprotein particle protein SmF
XP_017472844.1	Sm-core (eukaryote)	Rhagoletis zephyria	small ribonucleoprotein particle protein SmF isoform X2
XP_017472843.1	Sm-core (eukaryote)	Rhagoletis zephyria	small ribonucleoprotein particle protein SmF isoform X1
XP_082989056.1	Sm-core (eukaryote)	Lepisma saccharinum	small ribonucleoprotein particle protein SmF
XP_076270704.1	Sm-core (eukaryote)	Rhynchophorus ferrugineus	small ribonucleoprotein particle protein SmF
XP_072389136.1	Sm-core (eukaryote)	Diabrotica undecimpunctata	small ribonucleoprotein particle protein SmF
XP_082905052.1	Sm-core (eukaryote)	Prenolepis imparis	small ribonucleoprotein particle protein SmF isoform X1
XP_080132421.1	Sm-core (eukaryote)	Coenobita brevimanus	small ribonucleoprotein particle protein SmF
XP_080020295.1	Sm-core (eukaryote)	Acartia tonsa	small ribonucleoprotein particle protein SmF
NP_003086.1	Sm-core (eukaryote)	Homo sapiens	small nuclear ribonucleoprotein F isoform 1
XP_077291215.1	Sm-core (eukaryote)	Arctopsyche grandis	small ribonucleoprotein particle protein SmF
XP_076069502.1	Sm-core (eukaryote)	Oratosquilla oratoria	small ribonucleoprotein particle protein SmF
XP_075677214.1	Sm-core (eukaryote)	Dermatophagoides pteronyssinus	small ribonucleoprotein particle protein SmF
XP_074604481.1	Sm-core (eukaryote)	Brevipalpus obovatus	small ribonucleoprotein particle protein SmF
XP_074111908.1	Sm-core (eukaryote)	Cotesia typhae	small ribonucleoprotein particle protein SmF
XP_073977040.1	Sm-core (eukaryote)	Rhodnius prolixus	small ribonucleoprotein particle protein SmF
XP_018898907.2	Sm-core (eukaryote)	Bemisia tabaci	small nuclear ribonucleoprotein F
XP_071630853.1	Sm-core (eukaryote)	Temnothorax longispinosus	small nuclear ribonucleoprotein F
XP_071440248.1	Sm-core (eukaryote)	Hetaerina americana	small nuclear ribonucleoprotein F
XP_068618562.1	Sm-core (eukaryote)	Battus philenor	small nuclear ribonucleoprotein F isoform X1
XP_067638126.1	Sm-core (eukaryote)	Eurosta solidaginis	small nuclear ribonucleoprotein F isoform X1
XP_065340068.1	Sm-core (eukaryote)	Cloeon dipterum	small nuclear ribonucleoprotein F
XP_065200148.1	Sm-core (eukaryote)	Planococcus citri	small nuclear ribonucleoprotein F
XP_062623429.1	Sm-core (eukaryote)	Vanrija pseudolonga	Small nuclear ribonucleoprotein F
XP_001948152.1	Sm-core (eukaryote)	Acyrthosiphon pisum	small ribonucleoprotein particle protein SmF
NP_001304094.1	Sm-core (eukaryote)	Homo sapiens	small nuclear ribonucleoprotein G isoform b
NP_003087.1	Sm-core (eukaryote)	Homo sapiens	small nuclear ribonucleoprotein G isoform a
NP_001421527.1	Sm-core (eukaryote)	Apis mellifera	small nuclear ribonucleoprotein G
NP_001138209.1	Sm-core (eukaryote)	Drosophila melanogaster	small nuclear ribonucleoprotein G, isoform B
BAB59502.1	SmAP (archaea)	Thermoplasma volcanium GSS1	small nuclear ribonucleoprotein
YP_023448.1	SmAP (archaea)	Picrophilus torridus DSM 9790	small nuclear ribonucleoprotein
EAM93838.1	SmAP (archaea)	Ferroplasma acidarmanus Fer1	Small nuclear ribonucleoprotein (Sm protein)
AAM04828.1	SmAP (archaea)	Methanosarcina acetivorans C2A	Sm protein
ZP_01153344.1	SmAP (archaea)	Methanosaeta thermophila PT	Like-Sm ribonucleoprotein, core
NP_069198.1	SmAP (archaea)	Archaeoglobus fulgidus DSM 4304	snRNP
NP_111594.1	SmAP (archaea)	Thermoplasma volcanium GSS1	small nuclear ribonucleoprotein (snRNP)-like protein
AAT43306.1	SmAP (archaea)	Picrophilus oshimae DSM 9789	snRNP Sm-like protein
AAK41053.1	SmAP (archaea)	Saccharolobus solfataricus P2	Small nuclear riboprotein protein (snRNP-2)
AAY80570.1	SmAP (archaea)	Sulfolobus acidocaldarius DSM 639	hypothetical protein Saci_1224
AAL63028.1	SmAP (archaea)	Pyrobaculum aerophilum str. IM2	small nuclear ribonucleoprotein homolog (Sm-like)
sp|O26745.1|RUXX_METTH	Sm-core (eukaryote)		RecName: Full=Putative snRNP Sm-like protein
YP_448199.1	SmAP (archaea)	Methanosphaera stadtmanae DSM 3091	small nuclear ribonucleoprotein
EAN01277.1	SmAP (archaea)	Methanococcoides burtonii DSM 6242	Small nuclear ribonucleoprotein (Sm protein)
ZP_00543408.1	SmAP (archaea)	Methanosarcina barkeri str. fusaro	Small nuclear ribonucleoprotein (Sm protein)
ZP_01153713.1	SmAP (archaea)	Methanosaeta thermophila PT	Like-Sm ribonucleoprotein, core
YP_504465.1	SmAP (archaea)	Methanospirillum hungatei JF-1	like-Sm ribonucleoprotein, core
AAL81666.1	SmAP (archaea)	Pyrococcus furiosus DSM 3638	small nuclear ribonucleoprotein, putative
BAD85165.1	SmAP (archaea)	Thermococcus kodakarensis KOD1	snRNP component, Sm-like protein
NP_988268.1	SmAP (archaea)	Methanococcus maripaludis S2	small nuclear ribonucleoprotein
NP_147300.1	SmAP (archaea)	Aeropyrum pernix K1	small nucleolar RNP protein Sm
NP_613507.1	SmAP (archaea)	Methanopyrus kandleri AV19	small nuclear ribonucleoprotein (snRNP)-like protein
NP_963332.1	SmAP (archaea)	Nanoarchaeum equitans Kin4-M	hypothetical protein NEQ037
CAH89328.1	SmAP (archaea)	Sulfolobus neozealandicus	putative snRNP (plasmid)
NP_341755.1	SmAP (archaea)	Sulfolobus solfataricus P2	small nuclear riboprotein (snRNP-1)
BAB65195.1	SmAP (archaea)	Sulfolobus tokodaii str. 7	90aa long hypothetical small nuclear ribonucleoprotein
NP_147628.1	SmAP (archaea)	Aeropyrum pernix K1	homolog of small nuclear ribonucleoprotein (snRNP)
AAB85915.1	SmAP (archaea)	Methanothermobacter thermautotrophicus str. Delta H	unknown
